l1	l2	l3	l4	l5	l6	l7	l8	r1	r2	r3	r4	r5	r6	r7	r8	label
1.7159842963437333	1.424738887798546	1.369072091862763	1.3032279093761727	1.4122505319330203	1.3116990101176869	1.402209318497779	1.696333422895922	1.5704869311195966	1.337258973239813	1.330143296290205	1.2915464389587377	1.5050907045460815	1.4073892215712382	1.4114247861864435	1.7661889159131432	Co
1.5059419033407313	1.5664986943974344	1.6433341511471995	1.2427342489625808	1.092392710361664	1.0887107075110924	1.0115575885743788	0.9989708543956861	1.506192909367011	1.5474748068746316	1.5819768262313452	1.1883180085533147	0.9893100275101905	1.0070751606283428	1.050086226365762	1.0348908247865698	Pt
1.2190994580173737	1.302228472417664	1.3202175241045813	1.1787461992116635	1.1967625490129852	0.9176568101751933	0.8665952853939508	0.853968788208994	1.2265755813209949	1.2750474085197132	1.225169310463376	1.1629682744884031	1.1156700044023784	0.9539881359795757	0.9404896771857788	0.9293686470931952	Pt
1.4311622746716839	1.3784132681367682	1.4269454620163864	1.105359276901533	1.0686300801037818	1.0116078423310009	1.043252933908588	1.0677585167473387	1.3582018909173326	1.3613176210808116	1.4116595008907953	1.1325381464053346	1.1588822193812651	1.1241116978463592	1.244462562465091	1.2179677358214267	Pt
2.090779176083409	1.5090222238808872	1.4595960305648015	1.287019260089337	1.4791408638815091	1.3329159122681842	1.6276266147299765	1.8202198163574257	1.6415143326427861	1.475467370071619	1.4588833780028607	1.2448481708180354	1.3317186510418162	1.3290461595683232	1.4680861973657553	1.767559017958572	Co
0.8430050414686906	0.8660610522342779	0.8577678954212601	1.063490587260097	0.8589638321840306	1.2293542108097453	0.9204432389559593	1.213945635854028	1.050708342096173	1.0572059013021424	1.094038627062918	0.9396160861804222	1.0226815018806052	0.9035607668435749	0.925868191443608	0.9458851325098964	Pt
1.121794600034759	1.2676097924566014	1.2811473144354617	1.1067698402306652	1.1290801070774465	1.0369970424274082	1.096557151953186	0.917133109978252	1.252971764116272	1.1828939451194194	1.245001598158471	1.0185586051189943	1.1539453104390411	1.0472195181500055	1.064456681443435	0.951583914600342	Pt
1.6052095064762497	1.3320932102313225	1.3824230763303955	1.0325942855074715	1.011220285887695	1.1526994102642332	1.1472776646156297	1.1225748881334687	1.7850383589577528	1.4559997427481257	1.506551759838728	1.074667181842248	1.1126981177715887	1.2175694267661232	1.4323331854947243	1.1412432086846431	Pt
1.4880597147806744	1.532395479363841	1.538216864403952	1.2096064335187862	1.2888793690080866	0.9501033826136067	0.9652235356429519	0.9783213446261303	1.6251356628774878	1.5474768454412862	1.4999215935967263	1.2026416967506475	1.306685360621918	0.9895083027109169	1.0578225594481694	1.0622932983243478	Pt
1.0067166957762637	1.076471552048599	1.0973692748133177	1.0396849172343645	1.0467109188820152	1.0071751987914956	0.9595208114951914	0.9597772397541477	1.0609074634327187	1.1055817419287413	1.1835886606821968	1.0141841159179703	0.9820411941344411	0.9842459470517163	1.0203127146931397	0.8896303021894033	Pt
1.2051799019375584	1.236174422332506	1.2578504035231097	1.3850416769783045	1.7915725652106747	1.2488719649291027	1.4757458358816191	1.518045779930142	1.3540435062190466	1.3238131792408019	1.3714934817249695	1.2729972450729592	1.7773339051648722	1.212823078781073	1.3386204626577196	1.2575123472133656	Co
1.4411836997698761	1.4041320440815483	1.4351236414554929	1.2782011613926603	1.2455274965038745	1.2644775225102487	1.2890694806772844	1.3715580620028207	1.5372662541157414	1.418913762344579	1.4419375724670598	1.212018602537368	1.3694126153594912	1.2620066215636783	1.2438376514796277	1.3043040402498842	Co
1.3038210463463817	1.333816860859367	1.362837247680961	1.0695768393605256	0.9884659642015927	1.008530210118394	1.06331460026408	1.1336370839594736	1.26489225327045	1.245414737139427	1.3414216034671476	1.1037963781741478	0.9984280617224252	1.004355142041666	0.9953936183845168	1.0013800618074349	Pt
1.1471232343466982	1.1745431002701983	1.1852374566600925	1.487004480369418	1.1006065979455626	1.3407400510366951	1.0688045669583954	1.0981555528851847	1.0785143247694402	1.0988684147364238	1.0717566587945857	1.1739396930144834	1.498626302654916	1.1669332179935228	1.0948524244739801	1.1441850587478473	Pt
1.5099343520140769	1.5418022261746422	1.4761591338278053	1.3136251012247941	1.2693873639410387	1.1498001938329812	1.177540571370542	1.3835273470160596	1.4727580150160189	1.5161540527812138	1.5023033639600498	1.3941586633746876	1.0909455539677346	1.1705715684245406	1.3147321554093097	1.306480434970285	Co
1.7546969782170434	1.417392053818206	1.647511268597805	1.1261323954644733	1.0374765467943161	1.068417177868045	1.0343718739975725	1.1900754422636226	1.4792891009473503	1.368080892836937	1.36332061525317	1.3661928411936743	1.414945663688008	1.3024522719716953	1.4501244514753269	1.472433801933949	Pt
1.2077759889220192	1.2783208907385624	1.2700656249500661	1.246506785184389	1.374594038530933	1.1892804473009508	1.173605902502552	1.162304647436045	1.290329464878598	1.3478985451270522	1.3871652014633555	1.2884902669632283	1.1398522816659054	1.2191870713377977	1.1949700773288539	1.1095151916211061	Co
1.2429644658393169	1.2233586001698005	1.2603147622598365	1.047708350412938	1.2809064325909225	1.090747384744498	1.3470048229328726	1.1992208714040768	1.5018288416277918	1.4338574168710225	1.5133235727774612	1.094347630861753	1.2289555803005883	1.0344085401979537	1.1817202638187676	1.0579281361020059	Pt
1.3734323867430474	1.427749915658067	1.4304158289503317	1.102485108865538	1.1675449901815222	1.0116565523419774	1.095543185425889	1.0067884858633869	1.395854321574459	1.3630920342186912	1.3696416717963449	1.0509902544441472	1.143588605864821	1.0083064642473094	1.03690521318451	1.1230292097916605	Pt
2.2002495269870552	1.4148486704809162	1.3771623919322242	1.1403537642725146	1.0759770130598998	1.446155058043919	1.419700839892178	1.2995273411456127	1.5581203390577238	1.2987016283055772	1.3109587237651845	1.066521296815136	1.068748756616814	1.4689321590888202	1.4370612060141816	0.9477626450891097	Pt
1.4080740021958027	1.4916165086408286	1.5083451037356055	1.2879991166134948	1.154246828121418	1.6338915124478668	1.3646155627305292	1.002128159372202	1.5626590911208018	1.5219012334879451	1.5629210394340989	1.2163219014365168	1.1355478913941828	1.6166315960155473	1.403496865356004	0.9698652829778326	Co
1.3917615667487666	1.4613545094392317	1.4775900406634126	1.1490986700993846	1.0433325894334695	1.0609006877271216	1.1716533330261345	1.3485119214635841	1.8172628147137286	1.7077238871870357	1.9951954040769748	1.2087668815116457	0.9782461000683975	1.0425477941457693	1.1111338955263346	1.1562684486379418	Pt
1.2546396126377555	1.3519994851147832	1.357371186380292	1.1083148646810062	1.2770494007554947	1.0331252962956474	1.1149598557514504	1.125900781483011	1.2724193779743047	1.3790881497601468	1.2738479570961962	1.1452388619766074	1.5423608273669216	1.0517989825396579	1.18752777864558	1.3818449977834864	Pt
1.3280436124523547	1.4703719925146983	1.3390566781427016	1.1754213336633328	1.127544402399342	1.049714400255219	1.164101988200557	1.167461871901129	1.3318367517051193	1.4641324132855231	1.4064136576978006	1.2887449792625139	1.0605987706231668	1.0437976008237617	1.1947195784169324	1.070029590702439	Co
1.1209548371541873	1.2497999137837834	1.260670340153432	1.1024301286832687	1.1357304269695794	1.0351299701360266	1.0754692031721667	0.919922826690556	1.2486179220314675	1.1952524032914247	1.2416210336199183	1.0184851585070875	1.1358324649070606	1.047843468835849	1.0662997535519863	0.9630889128343815	Pt
1.59846496309156	1.399491431949812	1.472132975473832	1.241378923419847	1.226820462597161	1.3794303811348174	1.4418624047862063	1.2481859441182284	1.6950976514903529	1.4852406741821658	1.5046755383649508	1.2147655895142573	1.2534206519028048	1.4627160204791403	1.5000815728800843	1.6683915778940734	Co
1.6684406066334656	1.8566223618162643	1.7947893978465925	1.1278562407615136	1.0217475438155985	1.0537239406521406	1.029799006745685	1.161198115495613	1.621412752171241	1.360870584332026	1.3369157554041284	1.2761591795378613	1.2573669317955747	1.5293414461566335	1.4934516567800125	1.7358145474014572	Pt
1.6544913816690174	1.5509641496289435	1.465139516405966	1.3026578595002218	1.0303386447858953	1.3828749856942395	1.2676737152745696	1.1262634117721049	1.714003450884622	1.4766870942729635	1.5169712876086843	1.152487409319553	1.0556350243096206	1.1900665323957533	1.1050371518474964	1.0718409016223638	Pt
1.4957824318772852	1.5562740765400351	1.650744284182154	1.225474868270731	1.065983950022581	1.0630172552961754	0.9949806713886137	0.9830438678511396	1.502977931922426	1.56049194880742	1.5879683915695415	1.177670896307326	0.9751863411000686	1.0108635244371282	1.0358350151546105	1.0400741333111143	Pt
1.9255061122505615	1.6642697144691878	1.5876636517139362	1.3565405431329383	1.2920572977373372	1.419549923374539	1.5495235411286754	1.7380651886264145	1.9562985193487947	1.6502718185392826	1.6973575328864001	1.320513438885631	1.2136322963188548	1.5372071594572683	1.5910831149432798	1.8924399261013551	Co
1.4839551666263189	1.5747642805756723	1.6517766088949282	1.2040639657921455	1.0476284343338533	1.0526568072986087	0.9739562764863339	0.9505197924906408	1.5117629009552471	1.5958655554058443	1.621840863162403	1.2125571229793404	0.9704208996312754	1.0350766542041387	1.0511934858977334	1.0404191350365917	Pt
1.215685098561183	1.3422655611771435	1.3664820616603208	1.201887097683672	1.2001953547946516	0.924038865694634	0.873376952630355	0.8640765277805713	1.2679667602256353	1.3110358461488685	1.2800477023698773	1.178698706358071	1.2434699921918455	0.9426059561870805	0.9284384198572959	0.8910854748945335	Pt
2.19078064021112	1.5292870894310846	1.4863299311531564	1.3062707301320347	1.4458043178591955	1.3307538034623971	1.6756202770850022	1.8488147349840487	1.7913367780985876	1.5109675267667615	1.5072774308698853	1.2390734735023392	1.3848499439661734	1.3496613430205122	1.551723005038714	1.7856818373780146	Co
1.1605339029363544	1.2907681621392169	1.3270068124707053	1.1181445864995185	1.1560341658097937	1.0411387844327575	1.1138522931691994	0.9281310748137966	1.2674887024738097	1.2197948814635373	1.2391553271052136	1.0404712858592502	1.1337126694318305	1.0507949811360793	1.0794922423696283	0.9650283037646943	Pt
1.3738444524354319	1.4379821403176418	1.4296857266764937	1.1749766968380837	1.0832907316300233	1.0504163917064597	1.2130258670734542	1.3366796054052514	1.6076063286596844	1.5467119342066922	1.6541806959772851	1.1861783730237492	1.0235236151952498	1.106825702320044	1.3374525056237747	1.2567176885587097	Pt
1.4772592491110212	1.2445739732399868	1.2976671076219624	1.027875843352908	1.0121687861998927	1.1784038983796876	1.1596669989915813	1.090394114913539	1.6457050491333347	1.3433527813264114	1.4013765202357495	1.0753807185455524	1.0995603508596845	1.2026905144013942	1.4031828421757966	1.1085264340257461	Pt
1.2822623040773116	1.2974574187977344	1.3456525634384888	1.3853216707126126	1.5670054927985664	1.315317506012425	1.5217931508634228	1.3806264374053365	1.4145424921763694	1.3534813958470888	1.4326573358150816	1.2616404730745652	1.5367574456238715	1.1894962983408646	1.331072540814626	1.1802657364463551	Co
1.3535698573373502	1.3955703479870216	1.4294729373187836	1.0869447916514867	0.9421599396424536	1.0066574440993172	1.0954274228406866	1.0991132668670351	1.2892339208025512	1.252533835893465	1.3640703932735345	1.1099630430491167	1.023313392264164	1.0276650516989794	1.0308674215600722	1.0429882955016294	Pt
1.3361376345056946	1.693305729297115	1.609030883294705	1.10910387709201	1.1617539709192328	1.4224774889086693	1.5954691583365561	1.3578528465041255	1.2000371446778975	1.9300198400300206	1.5078615004402718	1.0913034640802626	1.0682611846371084	1.4134202963258418	1.4634121036321326	1.2183314467880844	Pt
1.3901867365927014	1.4490290693782832	1.420383166250063	1.1205488407601265	1.2096256411826265	1.0123611196273155	1.1246915957990897	1.0330298899288552	1.4085817475138056	1.3807531690665236	1.3708617579237188	1.0716333388080665	1.1536699748163717	1.0271221059808593	1.0704298754868067	1.1456353313218823	Pt
1.3393493084798604	1.4393651080934666	1.4083964105688673	1.1372897540697642	1.0439934673493299	1.0376250227570771	1.20593185463275	1.3417467494458903	1.5741892207468968	1.5129699040134184	1.6370797207507835	1.16430082970453	1.010437380928565	1.1295398882435002	1.355485502564337	1.222036864085257	Pt
1.1442407605052127	1.2789965824571243	1.3031087316734091	1.1184326419172408	1.1410366382922679	1.0381022905092372	1.0867755121799223	0.9396423202235764	1.28841298791189	1.2273113942814575	1.2920335122233229	1.046398495591112	1.1566438158892443	1.086575807756678	1.0872664128002052	0.9866346835166514	Pt
1.478227750799241	1.5568570758548328	1.6443671490514022	1.215291022333844	1.0680330820654542	1.0850574385568563	0.9954461283776689	0.9836194500264006	1.4850624567790638	1.540251042107702	1.5707594726852288	1.172111452428093	0.9528915218258995	1.0133424350057734	1.043333033406396	1.0429810550453091	Pt
1.420048785554055	1.4709751069247963	1.5483966131716091	1.2310831600682208	1.0533828682619155	1.0833133547131537	1.0244534718386678	1.0041177869583735	1.4188844471113367	1.4409276004980578	1.4603144118852787	1.1722367675942231	0.988603047871128	1.0316624207763374	1.0613639706023392	0.9984481939034276	Pt
0.8983425829558284	0.9401052099896706	0.9318038284180846	1.1030599128486962	0.9222452415191706	1.2592042177575504	1.011995349168363	1.226787041413504	1.0288248237751787	1.0451436285957685	1.0672812453692968	0.9730163470305783	1.0456065166371074	0.96413304494503	0.9981568715856858	0.9603555266321079	Pt
1.3144329591905453	1.419763152207066	1.3931162230870087	1.1518994318783262	1.0409533986046393	1.0287194515227416	1.1770817305319272	1.3208695200338036	1.53893730672848	1.533633357123579	1.661528451172396	1.1577481446610467	1.012027754353664	1.1174333009716764	1.290793717336771	1.2288158850412279	Pt
1.0935824128444145	1.2137282486209031	1.2474413871545735	1.0997854736414723	1.1275258157807468	1.0523761839585415	1.0582935600393206	0.9157756053767044	1.216684090932617	1.190035567942189	1.2254228521246848	1.0411716956800183	1.1730249409764937	1.0459453902866918	1.0782316464829322	0.9646645946015392	Pt
1.124790935696037	1.207645197742859	1.2485898914279652	1.0675438581512346	1.1142040899299797	1.0584818527151396	1.0532153486081932	1.0221237677232555	1.1903666549990801	1.2391029309631234	1.348065587813627	1.0458153729545905	1.0086135035786694	1.0162356156136663	1.113397497189878	0.9420329961516624	Pt
1.2006557567606546	1.2316641789666782	1.2760379861211364	1.3776800919042567	1.1284072165554209	1.2586243410988531	1.195322270317739	1.1469352861008104	1.1397045711148697	1.1596135177341744	1.1278313621963916	1.1569388109256027	1.256270063963039	1.1614817257435224	1.177561808822203	1.1610878293662892	Pt
1.6405371537146414	1.53568335028199	1.5585542701644834	1.1681131946480592	1.2006057569674407	1.4185731976853762	1.391808519986348	1.1608460219095917	1.927620596578059	1.6155766801283582	1.744589582697148	1.1387176359087077	1.1959544635874642	1.2957700223029829	1.3537441448991554	1.175498143812026	Pt
1.2995405241677518	1.4382907349452807	1.4665693789813892	1.1411795043235629	1.0795365992675119	1.0364921215865674	1.2149293272587303	1.3224544648313528	1.508042748358119	1.5473438983249617	1.6452134462102348	1.1419726224203213	1.014047229597283	1.1367204238040343	1.325237176554409	1.270842530804665	Pt
1.9115184524527715	1.68889912795367	1.573218137087136	1.343019769212188	1.042843096380814	1.4052302222053967	1.327233996874198	1.1673085640496998	1.9184844559428067	1.6276617774414248	1.6480386368255096	1.180329760374741	1.0784039174886093	1.2318813321590545	1.139017813071687	1.1330758026444094	Pt
1.5077934312291699	1.6048963114133483	1.664515617470762	1.2315677334176454	1.0822460898955153	1.0676487703043585	1.0042641227693752	0.9976461169761284	1.502022965037268	1.5791154113506642	1.5629639652844696	1.1908286410215012	0.9622952581277169	1.010063435874968	1.039894669203931	1.0157940338121454	Pt
1.2215994342847694	1.350201467987193	1.3711838482424614	1.198225726669138	1.2175399691972137	0.9264287541129119	0.8832366738669734	0.8880809973795648	1.2759393113348105	1.3174990062619454	1.2710312798780183	1.1729733443641224	1.2607518752116926	0.9244210283160721	0.8816610425668121	0.8707801121799119	Pt
1.5218849308004752	1.5361916241639588	1.5359009489687396	1.0742060882115496	0.9691989863408165	1.0422903392307437	0.9479301938191174	1.2320796789133348	1.4477112987822949	1.4911765601652422	1.5371531360737791	1.1748277412285257	0.9911165901492915	1.033255114137639	1.0325194974448795	1.1634411500310906	Pt
1.485619256589483	1.5674944299012579	1.4753346697306624	1.1072385631123136	1.270602579392813	1.0390949186093064	1.1689926913393347	1.1898437163409232	1.5143495057223713	1.5295098345630704	1.4008241609595948	1.1610679386386091	1.3241790562501252	1.1053812871130528	1.3116812977258439	1.3836496501532638	Co
0.9185833997594178	0.9575418675687196	0.9523915081736419	1.1744576642568672	0.962169640658168	1.327931723421756	1.030605360584999	1.2277189544705585	1.0250560399630213	1.0451174233416591	1.0762514546208741	1.0203573624696014	1.0597539726545706	0.9912332476497535	1.0149994081551714	1.048745714899698	Pt
1.3795331796180677	1.447882373108869	1.4529956583747408	1.1530317355591215	1.0603223981435113	1.0320309771537932	1.1988110574445994	1.3139445436902817	1.6125783079676363	1.5748674881755234	1.6761372625383388	1.1651040508128765	1.012070800323395	1.1067126347327565	1.304956036463173	1.2280580465430804	Pt
1.7191363757820162	1.3548239453677695	1.66067844541006	1.107739168068903	1.0898995936825322	1.0305185426646206	1.0547106761552745	1.198143286201232	2.107757621409272	1.393841931883969	1.5115210104675691	1.1943755956103748	1.1138275254982202	1.03199525880725	1.0270097074235534	1.0896296462664419	Pt
1.5148525681678797	1.529860343215033	1.640370857180994	1.218200657791637	1.1931530433393576	1.1918518469058108	1.2351605932808767	1.3033612133653298	1.539001885386321	1.4596321783602058	1.58610119722488	1.1912908127092416	1.2437484282785554	1.1460701721759243	1.1601257181751292	1.1771028702580422	Co
1.4001778468298833	1.1804266873468903	1.2131513303350339	1.01592815646906	0.9995279719026918	1.138049624314313	1.140077500429957	1.0551717307297284	1.513753125775776	1.2711078126511803	1.2912383428210463	1.0639010735292154	1.1021346099072107	1.19663878964638	1.41487519330433	1.081314038433455	Pt
1.404808777675832	1.4126414810099044	1.3825022558779996	1.1440321630503973	1.1054110710763463	1.259607817193072	1.2774283575134222	1.1547232049053238	1.5470888309162336	1.491194745281782	1.5632999655936124	1.1455120560651553	1.142699284164154	1.2610091984582223	1.2484448398500692	1.1414885728192299	Pt
1.0796036654046866	1.1420422410370976	1.1683328475166534	1.0583320070619084	1.0871459353625335	1.0605149871014696	1.0468724287413274	1.1350981045424884	1.1648912611442934	1.204603507049896	1.2781416392077984	1.053491598325051	1.0308800694931792	1.0223656067228066	1.1398670696489055	0.9412994197230488	Pt
1.3236002532598343	1.3045276033174062	1.3828983152556535	1.178877278986393	1.1921558353745134	1.0944659361226792	1.1947576839843632	1.1472306453216894	1.3558833755186805	1.362930569845552	1.3797379585990448	1.1146157456335937	1.1045528571434629	1.0060427340662894	1.0836840377268755	1.073014596453973	Co
1.6408454706602678	1.458401180743138	1.338814789465556	1.2420998218297326	1.1666177116822687	1.0990523210031176	1.1641867618249309	1.224735253771827	1.5900218347945616	1.317467676549639	1.2962517592990301	1.2814305879873675	1.2014556767229678	1.2177062002066983	1.2386505484834596	1.36795007492232	Pt
1.181592657760841	1.2496915085127416	1.257083478745137	1.2575205026751846	1.1044102198342127	1.1405894021791758	1.2210355730686357	1.1445847787018113	1.1858963998349608	1.1839906115303296	1.180640080779671	1.1408520417517858	1.2121734217027211	1.121964303001437	1.132942401949274	1.091578768597874	Pt
1.3076831460487752	1.3204568270862973	1.3480228327193213	0.9768616170627807	0.8987133248130978	0.8883223006220247	0.8976927480602752	0.8786741246901395	1.3813740370616103	1.2844599218130823	1.4601849193228509	0.9391740664633521	0.9663092082669482	0.8468538137185541	0.8364956415943157	0.7961654289168476	Pt
1.393545412114528	1.5166994206522695	1.4919081499988875	1.238765323634767	1.2876422912001186	1.0039496359456659	1.0984531240611342	1.1275698558039793	1.4929387373990761	1.4838953831894501	1.4355827322552157	1.3249405651332238	1.2886976459358466	1.0887396213587317	1.236663949636825	1.1857357550123333	Co
1.3345207443618738	1.400526352090535	1.3179205735086288	1.126021748814553	1.3596343918446288	1.0834072597971607	1.191278461162127	1.1967904776374536	1.20563897820907	1.2384991874688722	1.1967907798876503	1.107667547819467	1.2382476608076605	1.0676297054199124	1.2059551460927835	1.1593250587565138	Co
1.5867498289237223	1.3548798951280825	1.4148010125492785	1.2722125439695202	1.2619859488770966	1.641027612435077	1.5080058837944426	1.5745446328396064	1.3899535850686957	1.259479712678779	1.328007551350994	1.1944718687130285	1.3528332340071612	1.6940143137269092	1.6967430238989074	1.3404897366886872	Pt
1.4370759738895849	1.5372259778500053	1.6025526144063664	1.2134372806333238	1.2154001677085986	1.2339255963705376	1.4768938485272949	1.5727454036523454	1.39628108508213	1.479769760217446	1.5851560485529326	1.217771577883428	1.1781981263841712	1.3151957020120955	1.6114332352126535	1.540731942533471	Co
1.0576656971337677	1.4218032942632877	1.3367627847423538	1.0380122189564231	1.0230973400976486	1.1967813261391134	1.1812163370408284	0.8975901584760803	1.215873875311492	1.369591110433655	1.3727554588475517	1.0373646579385942	1.0549796234631572	1.149595418613515	1.1789237756145874	0.9747226164558636	Pt
1.2878545627480247	1.2441334447340238	1.3004009682733433	1.1540190121083604	1.15274131522707	1.182602463592897	1.1445736713281098	0.910652042500148	1.2791223996613206	1.2208105071723085	1.239714128088127	1.0899869786412424	1.2262217009688587	1.4090068600944674	1.2718980942412264	1.124417062102782	Pt
1.3458901700508035	1.4214326440789793	1.4223618665854234	1.1303128332618475	1.043907678425297	1.0144644972777659	1.173059214492986	1.3114567636139567	1.499658705872987	1.5337662599023711	1.6729347715265783	1.1317631266940895	0.9940138572413763	1.0645311455792799	1.2618374933970042	1.1699137490339098	Pt
1.7419710555599515	1.4245899112279223	1.4737851001636335	1.125766953331049	1.128823800657331	1.4394388043133606	1.3562472515820725	1.5379280635256833	1.9000118510653943	1.5139668677022975	1.6087148419755783	1.0705011208939923	1.0527699690020758	1.2968292842893243	1.321282030487401	1.1728770256298806	Co
1.4264135266714653	1.4644733880582679	1.3784277932766396	1.2287270343769947	1.809354452808071	1.0659262789075095	1.1982396850575863	1.1985513328488153	1.437847604307099	1.4526677221705102	1.4225426860447485	1.3680807258438623	1.0176682259042056	1.150413281598974	1.170357106853867	1.1816225722512947	Co
1.75278985693918	1.587511447579155	1.4962678536355543	1.4092598763910997	1.0482728080983024	1.4220844714535685	1.3255778769755242	1.2379390212193537	1.7923119679821085	1.4975165387840828	1.5712728382808265	1.15815680908537	1.0505920949988252	1.2106174238112202	1.0962650592033298	1.1182613312738363	Pt
1.9891255453617023	1.729462110021407	1.7455991269352462	1.3222701101149568	1.2656578249807222	1.4480362999094143	1.4779235904050814	1.6785794224244217	1.935043821929331	1.6955631571949816	1.576284109560541	1.239104772425716	1.219349971437133	1.4877186454723963	1.5160451749371144	1.506212039468724	Pt
1.284200937732496	1.3441506154989413	1.3496585497760418	1.1086707489539722	1.2153882552762372	1.2731520731672774	1.3883332941707627	1.4679172949892536	1.3584550567000906	1.4247676325202905	1.4176679659965128	1.1073653773125858	1.2011815606875027	1.1887169708194607	1.5174845369936365	1.2204716434614624	Co
1.138924596295151	1.124169126111228	1.1439506581639387	1.1006929548023756	1.0784409598628033	1.1017611229914162	1.0169468089998093	1.163370482212286	1.0853490167744846	1.071248354745747	1.0928299068271046	1.0516908701192331	1.1826468378631374	1.058582857458547	1.02980412235117	1.0368539430705053	Pt
1.4177692297110096	1.5006752069707798	1.516009073678931	1.117558272675448	1.0887785858712093	1.1114564967251372	1.2200669271918583	1.0896357031377049	1.5915449501220773	1.6404549665073773	1.7319093496584155	1.0718534186392956	1.0294105866395884	1.0809903223602852	1.2110018273676468	0.9385652648357906	Pt
1.3750925782865662	1.4539123170152202	1.459026169108936	1.1147128786323357	1.086314715243583	1.12705740356656	1.24762964811335	1.1171452879492985	1.5114410412543988	1.5416664558186315	1.6671586965836078	1.063580839786992	0.9991918140345909	1.08585865482916	1.1916965845759406	0.9191916016562871	Pt
1.930903293253993	1.6464547099526206	1.690086376954917	1.2225783485775514	1.126127272099045	1.3224168648438435	1.337929629447177	1.4471556001700223	1.9387725156698008	1.7814405293054605	1.953982346247175	1.251147691490223	1.2868950598983715	1.3427651087441652	1.311868490971636	1.3619316735352578	Co
1.0998609974936528	1.0735203852539419	1.1070592633818206	1.0858689654687983	1.0663547226004622	1.1037235683043587	1.0272729526449274	1.1853031705654185	1.0494046143567417	1.042023000152131	1.058627458007607	1.0301802537692994	1.1411728446529075	1.0519533770197151	1.0184937762000688	1.0106918344826203	Pt
1.529424754082563	1.452479930734448	1.4564566166179607	1.1056209973424236	1.0946630689329953	1.2408065628020335	1.1594637116331867	1.2139669366583392	1.472894195635933	1.3961736688915078	1.4034559293700504	1.206072572927144	1.0857666489373732	1.3218647089654307	1.1859435846303208	1.4459132241935915	Co
1.6744108065173595	1.392580230098903	1.3751207737084525	1.270816208880418	1.107510556715393	1.587296278137677	1.5179642208814947	1.3348614922285957	1.78825778196177	1.4022647094906497	1.4466879788093419	1.216217504559159	1.1773433311281738	1.5452128524067767	1.530247158221785	1.5092352450422502	Co
1.4378255517288876	1.3494555159165855	1.393522117262954	1.0894175019844325	1.047415278953119	1.0423506460763863	1.1239002757320358	1.274255114567376	1.2597139959831227	1.21879479941703	1.241292820879277	1.2218754557129081	1.1954795385876258	1.286389806885141	1.4687989962002617	1.5615496899493966	Pt
1.6248381900192184	1.458510194855005	1.4356306865615225	1.3836919772510332	1.5724232949791805	1.4947890105407702	1.672077542544772	1.7751227363835889	1.5417604261999434	1.3846335933083043	1.3351219439962234	1.3804690692219455	1.5672674389679626	1.7607249417946644	1.7684535943300927	1.6818359411881558	Co
1.704991661404435	1.7746667953828956	1.803061880274659	1.114047157048603	1.154788283779362	1.0294322050200144	1.086125517822741	1.0366560080863914	1.655035819584438	1.5927674125909501	1.654620410075412	1.0977504149951725	1.107992896128168	1.0365283131794074	1.0985544429663974	1.0829657919829028	Pt
1.2437720078768857	1.2324343466297758	1.2790439024945655	1.1214270979502685	1.3072824783346895	1.1340750564022637	1.2887477852008826	1.1061204581842459	1.4430106172445902	1.3185650506461064	1.3964490135740713	1.1761478861537416	1.102411376025838	1.1253779752432063	1.1045253114683118	0.9996617333020781	Pt
1.2269160665960943	1.2370631715168723	1.2789685653090164	1.2946038907214137	1.1983725798580755	1.1948957594830665	1.1766435627455036	1.0849957107379231	1.230566440768534	1.2657703461570833	1.3201899100086953	1.1924845650514653	1.1351523350394086	1.1266614567877977	1.2266397695972526	1.0608638781922912	Co
1.8028272461502866	1.7001601160521658	1.722100148822385	1.373944475060433	1.1938436049535301	1.3846991275272402	1.4158789333265807	1.2221176944305567	1.711450177785284	1.651276400796875	1.5983979764688732	1.3553288975913151	1.3331652082594365	1.538318130880594	1.61553998784848	1.3276232944895077	Co
1.287370707736968	1.4131337525782017	1.260870622621473	1.1870455807722757	1.1860174282811284	1.2176245129907153	1.3148854401891634	1.4998835136050472	1.3505222584370193	1.4366759661406003	1.3567838768646425	1.217686092794483	1.2735376435712247	1.3146279157727365	1.4793692400184775	1.5918602908806183	Co
1.1061995127829136	1.094882436564523	1.1468544726293661	0.995003848516984	1.0113477014057588	1.234077199624246	1.2770313238195279	1.3646008887747285	1.2686562272618218	1.1053520412188096	1.1215549445962594	1.0051352393119617	0.9458783412510682	1.1931525607672462	1.0880876131640136	1.142310770582304	Pt
1.3844226450067674	1.3713578942222844	1.4781005885492007	1.1463240908108896	1.1805078939289781	1.0546018888428907	0.945218221099299	1.0470879047309014	1.419341407516549	1.4116573520386562	1.4582606344466973	1.1132028420525315	1.1823324022593882	1.0639624766953109	1.0574639534154837	1.148743765737384	Pt
1.2829130277813359	1.4061611944352175	1.375253273020345	1.2265237158729008	1.4160966508788961	1.1411298031702737	1.3153187618641982	1.3283496712013299	1.2254235966062694	1.3258645906986928	1.2952814801987986	1.1163363051493826	1.4014848009768106	1.2374406572101035	1.591228254448314	1.468181359746928	Co
1.3643819168635711	1.427632440766755	1.455773611504589	1.129508737558674	1.1278330392776446	1.1256038118244966	1.2382778480117849	1.1259252745345543	1.5490980314079075	1.549402461928493	1.6453323655549357	1.0536322559148468	0.9857989619368989	1.0665603939360013	1.1714900348575503	0.9209797968904474	Pt
1.0819557972455895	1.0789041051291908	1.030041268052641	1.0608783509910424	0.9538725598990258	1.1633673661104882	1.0766715066439805	1.1906947837733557	1.13679209233625	1.0413922508548108	1.0325669374486215	1.2908128967793078	1.0025078312131672	1.297541430909983	1.0921602345728674	1.5283194522204822	Pt
1.3454757594832678	1.42403703709844	1.433029635604141	1.1034661386930427	1.0900161074540742	1.1062170113975578	1.2128033911846563	1.0841957772656616	1.503293280999406	1.5233195426243467	1.6397304206454524	1.06892264613086	1.0101909168222931	1.0743893748902809	1.225387695764024	0.9308415909027349	Pt
1.963955352319049	1.6851949367495667	1.6769226276719875	1.2540701429792556	1.133953470785596	1.3327355219533372	1.333987346323774	1.4520054921614536	1.9220855888268022	1.8183472254992716	1.9092638169427782	1.238342570216915	1.2347171339154261	1.2946493293872627	1.292928498703231	1.3419913026668686	Co
1.3810960230089948	1.4719679068642846	1.375137980441997	1.263980982968136	1.3859798277371502	1.0257100376854966	1.0922087021322269	1.0703509819224548	1.4449981591681191	1.4930680406522214	1.4770177822336592	1.3063206254680877	1.2749935459501953	1.082840195578907	1.18722710273602	1.1366485180819135	Pt
1.1010765047283118	1.0724610772024896	1.100362030260669	1.053374451062239	1.0886943419210948	1.040616565393689	1.067663029187012	1.1747066999936928	1.1095638482198606	1.0540377528109675	1.0840737556715059	1.018490995695077	1.1671329687655796	1.0615907189360527	0.9728123717035689	1.0426653073456402	Pt
1.3377946470864859	1.3500559078871184	1.4446500659145358	1.1218406938333536	1.3420948972922844	1.1851589770990838	1.4179690167001582	1.245551262132761	1.440401447358519	1.3818427204509083	1.4349394603656584	1.123818553813818	1.2260773241808254	1.1871827044863197	1.3755468980542398	1.3960911366578836	Co
1.7885815458106107	1.9240008324503024	1.971060086208013	1.2582959728628262	1.163699294438823	1.2705371585663956	1.3897894273412827	1.2669742271775981	2.0307721823776004	1.9881149074796316	1.8599672228297515	1.3126222168266057	1.2573609539548414	1.2306672680261082	1.2906864855994338	1.3522131138899842	Pt
1.0566842040331468	1.1808336756716988	1.040348845480997	1.096112096097267	1.017819554707188	1.0396650358752566	0.9932597968979294	1.2867432229506601	1.0569088102202655	1.4735840570207768	1.006962076346817	1.0124651007023977	1.0109513242366035	0.9781241484153472	1.0109930959311049	1.1563999796207742	Pt
1.5359541582757572	1.4484322734152044	1.4434496452974035	1.1197981328694846	1.1249030169116718	1.2877977069293511	1.1696322772329812	1.252819270138351	1.4980027808249174	1.4049035632632418	1.4113399112685054	1.2137630892834934	1.1161144248676826	1.3232570907146322	1.2155772062216061	1.45465027315722	Co
1.7531689969408555	1.521782520781508	1.4405454003604896	1.4176512874266072	1.5553360500238778	1.6266762492896119	1.5860865369916253	1.8642659440298575	1.7343764532817794	1.5325806933557744	1.4114452998787845	1.3890583178813387	1.330632250347552	1.6170900026939792	1.61374540445476	1.6561494265232624	Co
1.2074577377252989	1.351784695854348	1.3848071683135421	1.105211127410178	1.0977308374510577	1.233271036548128	1.2800870008287033	1.0424491325312024	1.1620377223241403	1.3934939958115835	1.4560359838509935	1.1300108662530355	1.1523371250826902	1.4444674796945922	1.4692296041484747	1.0916880859666374	Pt
1.352037884068865	1.3210402395738203	1.369330801438303	1.3904320710547962	1.3787292960750939	1.1926646605132853	1.208939158081864	1.1788766718514891	1.3811445986195952	1.3299817713829067	1.322106465738028	1.2645556814540717	1.35598334898244	1.2849869505724887	1.338365642549789	1.2429610333496253	Co
1.5481457471834514	1.3497864086110503	1.3187596207192855	1.253165995457491	1.0962295409986804	1.6731394817082825	1.571859335074367	1.3040152461140941	1.789526696668931	1.3746206273702062	1.4301883043638173	1.2362300375585582	1.1884213495834057	1.6135790054026413	1.5501855030064784	1.5378143247989768	Co
1.336533680849092	1.251897279960734	1.380383208888491	1.176417904365712	1.141900044281091	1.3549425081285191	1.3242934019108321	1.3429027916159617	1.8517063538575929	1.356673324548665	1.505353885576604	1.193180981527835	1.0389392655429222	1.277001794585304	1.3032478031920078	1.4270116713296455	Pt
1.7517320155277962	1.7464124870051354	1.7624659250320276	1.2413345588268327	1.1597486933997108	1.2902961022800994	1.3432026399868535	1.3650826128753586	1.4389019443691105	1.4216153239376281	1.5289578634848784	1.1521336022362356	1.2431742527246925	1.3952124483204666	1.5141345106258635	1.5338707533276215	Co
1.4974809498263668	1.4445064696051095	1.4818139939572126	1.0994843253277733	1.032358331295961	1.0454641711313466	1.127045256747736	1.2664289946587957	1.3263571160920076	1.250732261683499	1.263825644434944	1.2498737858334934	1.222718954841568	1.3076243237046754	1.4734913639898282	1.4913998752144921	Pt
1.914026895860645	1.646460427102279	1.7235286377729242	1.1558929001782554	1.1286674273367743	1.3919618205334399	1.3538113551628912	1.2635307140856582	1.702625041993708	1.4611281342392628	1.5570000922530787	1.1306118013853634	1.068988064027852	1.4309317854816748	1.4170288583108668	1.3121788817807456	Pt
1.2795031019446643	1.259423267229825	1.312677815447467	1.076355400801955	1.148930926805325	1.1130846486610888	1.1747808820183854	1.1895696065183345	1.3491081368890527	1.439931790596808	1.4265577297153802	1.1976594160117553	1.085452178872442	1.0638077789041203	1.2328204216121919	1.1547146516626372	Pt
1.5082010416635097	1.6752268365706315	1.6163241462278757	1.2733019101904952	1.2207137129896826	1.272091657578121	1.3538885309282152	1.1310379257621144	1.5155873635979817	1.54755934253816	1.6315970410730687	1.3188430778713478	1.093120184979809	1.296824024171393	1.457628761025034	1.117677910071885	Co
1.4139041628185314	1.4667469975077998	1.5358189176941883	1.2301263935003055	1.1613305635433182	1.2738222783053703	1.3503225461963977	1.267671231622828	1.4656774460309219	1.3852925188211878	1.4893100870457947	1.2311892797592012	1.4103243345526408	1.1642750900094838	1.2598865895845217	1.2564751309105893	Co
1.7775611529880975	1.6360439982574009	1.7256128046664871	1.408133300512711	1.1870463639120632	1.425867378605744	1.4542237444021833	1.2649542681310268	1.7547269861864219	1.6870761827912433	1.6279089004243348	1.4329317037585847	1.3688203367648282	1.5820993030192427	1.629182025347625	1.3790770738057865	Co
1.9917249505909345	1.5380019903247009	1.5052849005964837	1.1950221746098237	1.2090667508352801	1.347533085692263	1.4665127551058472	1.673514871196886	1.616894659118343	1.4196098482266746	1.385632970420782	1.2652565389880894	1.1814659880454823	1.481190805893533	1.4813032928356475	1.565198843256613	Pt
1.1592192227988833	1.141951064398826	1.1669800877162289	1.0110533423743042	1.0394486549483821	1.3213474982962143	1.4198438704001326	1.5293927885727665	1.3269188387246027	1.173382025145346	1.1762945714214763	1.0994831902702606	1.037068880722095	1.281083561134443	1.2668405341167528	1.2984256868412571	Pt
1.4803715384211056	1.4666933845623253	1.5703631658456152	1.1034579736186205	1.1483424862358005	1.0614016923177354	1.078823952629214	1.0841462878266317	1.591914577592128	1.5214671419967583	1.407682945225748	1.2363047318479028	1.2374777489102493	1.108439363800473	1.1056029738718662	1.19568685192141	Co
1.1466673211332363	1.1219376090722801	1.1586263862130095	1.0961410533437668	1.0641127412951996	1.087928282282333	1.0067855909292969	1.1516819018846691	1.0690340218418573	1.0689464541300115	1.0872973493557412	1.0358084611629501	1.1679465423985587	1.040821201716759	1.0205681693484736	1.0325741460927669	Pt
1.5397160671276546	1.4621634560053014	1.3914226579802749	1.163803542980076	1.1877373779873583	1.1370659941438528	1.2462900324311834	1.334284802042417	1.7517775227866235	1.5260473115703554	1.4739000551483226	1.1765454160047095	1.0066631764120495	1.0799516494791765	1.2254498351770151	1.376344068834824	Co
1.3586084419805717	1.4072152198205838	1.427386630011786	1.1262516610811601	1.0863949018103418	1.0955700407092475	1.2295401248120523	1.0539234180805508	1.4913246381127125	1.5129314347819853	1.6461453190173554	1.0687649258929524	1.002700083887646	1.0987232881513824	1.180885745480718	0.9355827945364257	Pt
1.7326934244025889	1.59851406531331	1.5355142621045734	1.2029303185545062	1.2623263885780438	1.5100874198824292	1.6118822511730935	1.656372815410456	1.7349640487088556	1.606401818556582	1.5784029245223643	1.2246822370016262	1.1849345136115457	1.4449775678987662	1.4430960497452119	1.5118816264361152	Pt
1.1629596393220514	1.1461699488313963	1.1710281921457928	1.082604009411741	1.0576606371450974	1.0721885734322654	1.0085656829825103	1.1378971209708548	1.075708382173706	1.07380635419491	1.089403514176365	1.0601952892226254	1.1957920398112734	1.0685178761573833	1.038819199672724	1.058537193727826	Pt
1.8283315732938563	1.4900986653709234	1.4737702504080907	1.1411782859888875	0.9578376100378255	1.276018209641642	1.1180072611469272	1.296453140746479	1.3793886463024052	1.2057382681005582	1.3780585653232826	0.9892685996126742	1.0422590980704316	1.1545497080766087	1.0896221219540334	1.119378600750218	Co
1.432210960417757	1.4894227300590221	1.4265296730734918	1.2653328471519285	1.3825708024609002	0.9911434258187264	1.06220550268063	1.0760893123744713	1.5004215175323934	1.55502879312399	1.544807100113833	1.336543751315028	1.3436184947609033	1.0991041658139644	1.1532266468841625	1.1761138800851456	Pt
1.6808490450116402	1.7154466452604187	1.758275185023183	1.2950188539497736	1.5194264060966134	1.042168770414494	0.9821214736602847	1.1489610994242203	1.6807225334491245	1.5938946627062727	1.6635432855284698	1.1053049928431746	1.5362171881361233	1.0404779163364395	0.9996344969857025	1.2292748821942472	Pt
1.1579335447680894	1.2190991368162576	1.2234558727537612	1.2617409154034676	1.419636355475177	1.1116053746636723	1.251359423548474	1.0889384935956616	1.1467682675504196	1.2232348724701285	1.2103634108773185	1.1869886596503378	1.1824133319774126	1.1388371325549647	1.2825064864121614	1.226743311600252	Co
1.3612430246769014	1.3717888160494505	1.3483935649750316	1.1298508162169347	1.0770420190239853	1.0040908262515928	1.0319741276737542	1.0253553630710524	1.325769246235485	1.288309678143322	1.232401369215695	1.160346424282053	1.1230884405820505	1.0046161089777073	1.0720084601482307	1.080217908451896	Pt
1.584225444613087	1.4825540352238942	1.49828726688904	1.1571297166421408	1.1555412260130018	1.4498183505939435	1.38826745501022	1.6335462748483327	1.5603750851382698	1.4824936689247419	1.5464658390969435	1.1602706496042359	1.1479578788639677	1.3904077873213743	1.3753874387646496	1.4243687096399202	Co
1.2625641025721441	1.303556537823073	1.2813731765445238	1.2728030748489025	1.104973582830067	1.4239557724344953	1.5511016671195517	1.2628174922652435	1.4026960177676004	1.4004321831412943	1.3850280485537925	1.246608551474996	1.0750589379841031	1.234942681526743	1.319524639182341	1.2679417581026338	Pt
2.205955470344546	1.7619742816283417	1.9570975386380027	1.1173931936207284	1.1564317674107891	1.2384550347262826	1.3292131504828701	1.325161417945893	2.06935331611309	1.63762296477177	1.675460620091595	1.1362458518634835	1.2058279909217442	1.3859403103630619	1.470130423920111	1.4214452727773899	Pt
2.153928634696362	1.8214149832388868	1.9029003244261595	1.2151001649431918	1.1306646144758654	1.3726357038895596	1.376228483152094	1.4255417020693828	2.0729049971686773	1.6289403330229262	1.7895817274456032	1.130236946626801	1.0836886590590897	1.4017274799504678	1.3817515872970734	1.4358162956216654	Pt
1.1746975038026641	1.1482875706368514	1.1512693716362397	0.9908792993870394	0.9353518151131277	1.0616724012460985	0.9795960116097326	1.0261245630114317	1.0384226711120843	1.1975722623495864	1.1213602927159165	1.0427639340651922	0.9820138157073263	1.131571916908674	1.0126349782035897	0.9227922804077459	Pt
1.8098407544706883	1.7826604874888068	1.872387665163191	1.2605164733322578	1.1604655551279983	1.3078902387763929	1.3850344943636643	1.3913303591192328	1.5460650102852658	1.5020424642997263	1.6257681885046535	1.164891386003359	1.2089569932691253	1.3755984968658193	1.4679372846346124	1.5171035430604292	Co
1.1161508973590992	1.1317758162318667	1.1147346784220464	1.0261842027196668	0.9739156129840257	0.9503705742802776	1.0108501452437881	1.0745297287435591	1.109450924741647	1.1327458660635015	1.1150022708403238	1.1784095299278672	1.064405089224883	1.2022096138174485	1.347477672702592	1.4714074845489542	Pt
1.165945731369129	1.1425369979117028	1.1830705777165615	1.0154076163377816	1.0495104433527305	1.302602650491861	1.4120302742090192	1.4534876844126685	1.394171952820869	1.1677739765746782	1.1926205532778504	1.0781719915348793	1.0176414802134617	1.2808043920130183	1.1757487313910238	1.2882911813075444	Pt
1.1231659884034437	1.108675949030263	1.131095768117463	1.0957279409080163	1.0912949241327734	1.1179867807540613	1.0207428204180458	1.1821976464746464	1.0538452099719304	1.0526163028578925	1.0715207816227357	1.037300722386689	1.1735101897720424	1.0595133301344692	1.032062558288549	1.0734222222954808	Pt
1.385465714689694	1.4264180736893595	1.4729590116490034	1.1166197183411324	1.1011443639800083	1.1096031019713162	1.1963861043914723	1.1055708267223316	1.525454637307391	1.5288933303356382	1.6514397863989672	1.1103679341319777	1.0074029847183856	1.0776850587910713	1.1880547647688036	0.9522511296449109	Pt
1.4046250981144572	1.4666852505740835	1.5123145885010887	1.1157517107802548	1.0906151871969878	1.1244296498670936	1.2252141673436796	1.1041918408997513	1.5359581824008024	1.5269806501561332	1.6689260389828078	1.0739976021059847	0.997632865938139	1.0763236558488631	1.189832378188621	0.9348849528529383	Pt
1.1014038118664202	1.0996434270490814	1.1113764247382434	1.107705313392088	1.0880834274367757	1.138754146560663	1.0316936632098082	1.1968078178649209	1.0537629793942025	1.0502402877586396	1.0640052343133732	1.017784543147299	1.172960422279158	1.0402072018940207	1.0123294134431182	1.0297063199291516	Pt
1.4662159521235136	1.5715451977671742	1.511372058147501	1.3049333532996328	1.3691092543304844	1.0130870916138477	1.069971234329373	1.090446274469074	1.5707641849937595	1.6383625728442819	1.6387397653264422	1.345565512352578	1.3499380758518815	1.0658856430197428	1.1326353342012918	1.1345076644755445	Pt
1.5730486979685254	1.4437225378348335	1.4832478509018117	1.1538735689468318	1.1353280095855596	1.4495634464068503	1.379233922419225	1.5556613233325987	1.6265133926501651	1.4977683810233806	1.5438359607119436	1.1575282665097968	1.1667900049417157	1.4081510057442608	1.3761799383397324	1.3297458098536565	Co
2.1359943561727914	1.818167356409776	1.922177158746167	1.2210503126370786	1.1660085733967387	1.4577970484521523	1.4318108168169623	1.461290116755724	2.077049816527518	1.6666314162695093	1.798594403974393	1.159576669998428	1.1159924536058325	1.468326684517932	1.4514776284805224	1.4412439982147267	Pt
1.8345447569672397	1.8338244261646697	1.8344323911468854	1.2675033476152024	1.1748185154809947	1.294334671975292	1.3561603844272971	1.4023731902406071	1.563682415133719	1.519454567340947	1.6440440001952723	1.1806630390013122	1.2448190237008367	1.371936805185234	1.5162436967333606	1.5336889768622257	Co
1.4275204096008463	1.383196773809641	1.5268430775286441	1.1260412028925557	1.2463229524911381	0.9974372203587826	1.1301604755523784	1.2428944661574177	1.52892774390025	1.610266161820099	1.491803451750474	1.415904118579249	1.3778689355090536	1.1185172454773011	1.3346530532335776	1.2644623012610028	Pt
1.7271283186091546	1.743479738027437	1.7191060152211999	1.0768056767052774	1.1295637930420879	1.1392553134825394	1.2197301539577412	1.0930934644805703	1.6859654309458498	1.642810860464721	1.7225094669323033	1.1516502573724274	1.0327706595846458	1.106652909577022	1.189883144614971	1.208513612156287	Pt
1.2391657431508023	1.2615461153850955	1.3130800790004045	1.1095380112417406	1.015369466108046	1.0429318414847488	1.0645769070263775	1.3284015997868703	1.4521241789379469	1.3689790180956276	1.4845880222649728	1.0797260121762684	1.0633520398064795	0.9757777980360203	1.0126581271504116	1.0095114464582102	Pt
1.0482749449910125	1.0883161956793943	1.0385096761066213	0.9639385915678736	1.0389299596139183	0.9217316478781532	0.9589210473254648	0.8695714703838018	0.9793027599902658	1.0055272269905762	1.0091311208740417	0.9353152056037654	0.9831856285156898	0.9569621667153294	0.9730791080042653	0.8802717898510566	Pt
1.157802895017215	1.1890289252309987	1.1975270381871514	1.248393685370179	1.363424056123672	1.2129056633660282	1.217296941038636	1.2240820828274268	1.1312595545571427	1.135066813369999	1.184677393146411	1.1383291766411074	1.182292377521038	1.0727507484729673	1.1404259201344482	1.210603402738459	Pt
1.452271635527812	1.5971377191635137	1.579352572356288	1.177525937306269	1.098910475544612	1.6046887115062558	1.4893103874302156	1.357139687317774	1.6717954100150938	1.6591791023437195	1.7014294895989706	1.1428141792748645	1.1148760021127067	1.54738281657658	1.4046373294739807	0.9911451539455766	Pt
1.452271635527812	1.5971377191635137	1.579352572356288	1.177525937306269	1.098910475544612	1.6046887115062558	1.4893103874302156	1.357139687317774	1.6717954100150938	1.6591791023437195	1.7014294895989706	1.1428141792748645	1.1148760021127067	1.54738281657658	1.4046373294739807	0.9911451539455766	Pt
1.2039686785560435	1.2229755796511312	1.2443161806616285	1.2782968218028499	1.3447432778269361	1.2107361391751477	1.2075309921679849	1.2296555794491735	1.1179997136062818	1.1240971748984632	1.1817692456756232	1.163921920209811	1.2801209330754517	1.0653083852380147	1.1549023095695103	1.1668791613794103	Pt
1.0583099941364156	1.0954315193783086	1.0483557543145352	0.9591510088332101	1.0362997687962532	0.9187255881043407	0.9688873794321072	0.8754296106707969	0.993256428018161	1.0177342237820552	1.0303754984074238	0.957191673582868	1.0241639781973113	0.9900584875734173	1.0350608188724464	0.9118321020467482	Pt
1.4238095339723327	1.395811720829849	1.4116739675672856	1.1693045749643947	1.1216117283608515	1.1017464330751985	1.2105024238543152	1.0641500413740783	1.6042835146002778	1.4530750281360278	1.5138996337245374	1.0905964139677595	1.1202541054354065	1.1711669899543498	1.1503073256862235	1.029163619296651	Pt
1.4280895432822642	1.3946145094643188	1.4091310447402847	1.1341028838741123	1.420858666703799	1.1755805319495218	1.124493677034117	1.2271665487496737	1.3668634753625053	1.3750679953724083	1.3613550365652052	1.1648525577922961	1.206915442100928	1.1841201929081298	1.2393134629254814	1.3002170451081758	Co
1.489426645131007	1.473569925899902	1.6356195664380022	1.2208912298137178	1.287680011777075	1.0408512705599124	1.1697225920345982	1.2800870198590528	1.53390560044297	1.6052881782592952	1.480026143539634	1.3806314141231906	1.30089127866251	1.08369588387475	1.2731482537611534	1.1653860112358265	Pt
1.242710459733584	1.2730045503946157	1.2703642473772927	1.101268031230521	1.025071406509932	1.0430269272337898	1.0686978953642867	1.0648552551559434	1.3276720042299217	1.3174299484028278	1.3135023541469006	1.1010085379054713	0.9909758888363293	0.9902701200186412	1.0247415011610006	0.9708066001589302	Pt
1.3457786830190421	1.2822212984096575	1.3219526282364569	1.1263992091119155	1.0840237680962226	0.972552106191407	0.9350590109616121	0.8679749133864665	1.3426226299860664	1.221688034907784	1.254259477841875	1.1245545617281194	1.1371227156049932	1.0373888583324016	1.0483954974614762	0.9350431360115861	Pt
1.3805678390089131	1.3654445432516757	1.5161546300851327	1.1445792658066956	1.2855562814878554	1.017112264467745	1.1675775244292022	1.2888135041106525	1.4968101579657562	1.5235574708572115	1.4525261868697397	1.356587886469694	1.3258051080163866	1.087745769152912	1.3111528670120463	1.2248643001698944	Pt
1.2015968399108516	1.2653266037326316	1.2756557389582817	1.2581450896617363	1.257890528833937	1.0851118934793333	1.1194646550258238	0.9282568584453896	1.285900582176472	1.3382783664154008	1.378071752383308	1.2303513317573718	1.271620003819518	1.1580577588859173	1.1948683348657598	1.0662243523202515	Co
1.349634800259298	1.4698824021361467	1.4186291128772324	1.1734103290587308	1.3160108465170386	1.1590899588350865	1.221206027694132	1.2519656216711332	1.3653824660830878	1.3927797693121338	1.3643535437611714	1.1535912461129474	1.263221685354187	1.2073777852862568	1.212772978418956	1.1326260673241733	Co
1.8551514380811516	1.6441024232390333	1.6578838668600737	1.1529537594113681	1.1894221139046308	1.2774780325776356	1.3360650609085931	1.1374883397093938	1.3727810291038574	1.7883256318977139	1.866497124544503	1.0692453716673291	1.043970102737958	1.0705683107360036	1.141363349519119	0.9221850500227516	Pt
1.63444796089236	1.6838294414316164	1.6484836754662586	1.0859404210408024	1.099775615372721	1.158763273232546	1.211854140639568	1.274806722343793	1.6052523641626566	1.598129420595467	1.6954896615403978	1.1307578103855203	1.0093492911399284	1.070598703229	1.137312967835071	1.1867709548297225	Pt
1.704261438815922	1.5048461790889414	1.4638713229366165	1.3342117061605765	1.1463677573585607	1.2425598689171573	1.2648754540626812	1.5568321550887836	1.7764380379372668	1.5217481227113352	1.5170917405722548	1.1318523531568383	1.1160312490617736	1.2718734029802847	1.2995978644404267	1.657512080396092	Pt
1.2195131818901606	1.2222781960434634	1.2526187086718046	1.1028300264526327	1.0080308748424287	1.0535196331453414	1.0636049084808936	1.3209796052186804	1.421410597999296	1.3322761483435834	1.4355918216837924	1.0831565741261613	1.1141360648263776	0.9680910290267654	1.0021680299886018	0.98990215801007	Pt
1.3094851698249605	1.2176233350863246	1.160035061378018	1.0686082871048412	1.0358940118523479	1.2330043795582295	1.0757285396970835	1.0421675783231212	1.453650333100822	1.2657641625749938	1.2237075539708429	1.0159026218461782	1.0825996745808608	1.078626189395898	1.2487917125328682	0.947707311426367	Pt
1.2854887320137	1.21576702689253	1.2231557598115275	1.1012265030553074	1.2837327769921358	1.0405346802332682	1.2256527953050822	1.0905661970071272	1.2899544515206463	1.2221889976579072	1.2768630453995355	1.205098722413854	1.0996743583104585	1.3112158779050982	1.1772493041066194	1.2355327657936976	Co
1.0515665668962026	1.0958749935203689	1.033059030290052	0.9710952345475176	1.0351595000273937	0.9329492102216812	0.9709008312310305	0.8792744573292715	0.975252961782724	0.9975447249428429	1.0037152256300022	0.9500228892281184	0.9802509648198973	0.9599666121056456	0.9720079453149888	0.8823290889808277	Pt
1.3027937080985807	1.4228677445184499	1.4373855234758433	1.2337373037990207	1.1780858521254645	1.3538168665277193	1.4106498656196882	1.312694983875952	1.3657544065322653	1.5122046087147931	1.4810966763096516	1.1885798868253101	1.1626075554686268	1.2237844251315375	1.3491825135185007	1.3625160775755851	Co
1.2776289107954524	1.3164797446263237	1.294954629657214	1.060722748114741	1.130939138689622	1.0603584434343138	1.1721370631525196	1.2133664678905636	1.5978336710973127	1.6078157677948668	1.6146865476934327	1.1570928067461022	1.450201316238519	1.0371943847356	1.1103733010985437	1.1452018033241511	Pt
2.2127676731005566	1.5293618570523495	1.6293262434276716	1.560862529366135	1.2759799646654282	1.6964297866714035	1.4777048384075122	1.9530671570688773	2.0358870760918037	1.4998617668514336	1.5928927883484745	1.5641984869076526	1.4854653889637903	1.835082371600086	1.7911771844482016	2.04566859333898	Co
1.2821445085086491	1.359404410936536	1.3734008108413254	1.102545513098686	1.095874935903336	1.1171633095601388	1.1771446453342649	1.1659508415358324	1.4465695829178467	1.5009877951052746	1.581138190764962	1.095301023963079	1.1007420729001591	1.0982145535340784	1.1902091710278957	1.0128078559699445	Pt
1.5707551906170059	1.4465025762276853	1.5151011649643695	1.2263668914119539	1.0791863035388531	1.627157422459177	1.4674393342060776	1.8192787193941753	1.4152732475620586	1.540854063557083	1.5186463192328186	1.102962132409428	1.0367145192713503	1.6858699193709425	1.5569422927224048	1.392456591407561	Pt
1.1178067819707775	1.1497527948246873	1.1270645368277508	1.1690658215076848	1.1510499587188066	1.0150798669514685	1.0069828737423099	0.9206601348127497	1.099178470950136	1.0947194529557094	1.1076243760621325	1.1067368642508313	1.1241067498022546	0.9683603187452056	0.9934251707597688	0.8857194589016323	Pt
1.5842943884286622	1.5653261100753841	1.5706173059664041	1.0532248194159284	1.0874031791474827	1.203364332910155	1.101857208967713	1.2773775461420827	1.5299181521925973	1.4324379098057176	1.459100188738953	1.1083029247890117	1.1177898893016232	1.1424876523763852	1.2331653043392874	1.4332041292123328	Co
1.4234603326674533	1.4042387542337191	1.442983047015615	1.2368511646948117	1.2528714616524312	1.2184346940668447	1.249885530167587	1.3433981217713955	1.6007345602743914	1.5219817529448734	1.544014977124728	1.2228880245584501	1.3017822373077725	1.2858228810166705	1.3455246516163026	1.3259104736453444	Co
2.099244848101743	1.481555758420314	1.518234413077275	1.4213552893698211	1.4649635907683398	1.686384098083039	1.7243893639816108	1.462477297720024	2.0171795645627486	1.7954264255828183	1.6036150576906911	1.46269888609314	1.4099761105932311	1.672874267018899	1.7784409968166937	1.2322094350084358	Pt
1.357324872861747	1.3630551070315584	1.3288735399336988	1.3080485842946046	1.512963367265823	1.3567403770498279	1.363384502472343	1.349881993095864	1.3258417825318372	1.2884374948382946	1.346476651906961	1.259397124285319	1.1877319035225504	1.2377287238433703	1.2599587411423856	1.3141600460578597	Co
1.1217905297748154	1.1718772477373798	1.1525861359280951	1.1944911449692008	1.1843104661057182	1.0882575841310627	1.1272585992509785	1.1322858885392486	1.109554819560298	1.1411269832928843	1.127498110744665	1.0687818461781344	1.0302860817516306	0.9869326692528703	1.0944610675742998	1.0081184689686347	Pt
1.6499484633662802	1.4807829743269045	1.353734419361067	1.0884901735902583	1.1893251679725871	1.2503891485698964	1.4303660867360222	1.3123918869498354	1.6584175590294528	1.6014030919987339	1.5732176307762775	1.0696135849942694	1.1063346101953804	1.1846381271092867	1.3505657962665232	1.1640993515797573	Pt
1.0509764967840547	1.093913176614156	1.038476831582735	0.9759227898516784	1.0585094988943013	0.9249182241917061	0.9695895616531903	0.8856526140182696	0.9696866128378063	0.9894539861424361	1.0028230415489436	0.9368821484189455	0.9856016538840517	0.9551428908910247	0.968763730727185	0.875683929985334	Pt
1.3017928069199871	1.2773635583108784	1.3519365929029676	1.1697509393150864	1.3173642097739864	1.1366733377281149	1.2332382410309335	1.2955104421683084	1.2545434288808206	1.252070557694894	1.3454595768393363	1.0726371768896772	1.4219555636674366	1.1233344408227504	1.3444959756665493	1.2088514074704915	Co
1.5242040602729308	1.4654240633769968	1.4870956608124708	1.1778140144629798	1.1030265230339935	1.1094852827429509	1.1892967544556095	1.0744229249443606	1.6944969339216507	1.5319731122673288	1.5716112234376731	1.0861895448761676	1.1494699627565048	1.1537842084962142	1.1321633887240439	1.0710651052651783	Pt
1.8517786307770414	1.5567667107502636	1.5292448522084496	1.305113179673585	1.3856525905012704	1.535740431505501	1.6823626355649217	1.7616778693722959	1.7715594587007273	1.5202499771114013	1.473407537179879	1.369956492313209	1.286935979391362	1.6558310085897394	1.7013295447839614	1.4025813114210377	Co
1.3527583095212086	1.5049605561806665	1.63030477841479	1.0953783585030856	1.0266921603040888	1.0455276429863225	1.0160035700002568	1.0398032411806133	1.3413003225073947	1.4503142960076179	1.39627740414055	1.0053042832004646	0.9679172063087441	0.9531334866184453	0.9389537654889671	0.9255714913383816	Pt
1.5842312672397736	1.5086926974135322	1.5635019113245794	1.0389340309156099	0.9436574953412772	0.9129780453569588	0.975434430249282	0.8528107013865296	1.6765773689398358	1.6491624255906023	1.6848366740762408	1.1258416621357064	0.9733617915318749	0.9562359967344354	0.9584435581949556	0.9172061907643967	Pt
1.3644199047952936	1.3497712002749072	1.31821855697249	1.182747700599717	1.4104114278859923	1.1273468801349635	1.1249629453240277	1.1775136046895573	1.3388993322479559	1.3598670803501118	1.368808336609592	1.1676885181013725	1.2655544507732621	1.2163206518574146	1.2496142085255577	1.3043854804082913	Co
1.4512797172004612	1.4319534235315377	1.5593273556086296	1.2006129137852677	1.273196613193238	1.009176876315705	1.1468831227664793	1.2475403067013322	1.5155758554414152	1.5668274784762168	1.460974689449069	1.3672414838535367	1.329348272244816	1.0781408809318553	1.2640134557085574	1.1747399200659074	Pt
1.7136510550590671	1.7638455182578414	1.572197408886832	1.711997117245273	1.585097866715631	1.249780620310834	1.5373171105436967	1.2594783588358638	1.6231872033091381	1.698053507172061	1.7701757144930876	1.6598325358024009	1.4964098711826808	1.373046715227678	1.5385708894935952	1.2622579605319428	Co
1.1550477878444174	1.167395452261171	1.1533836975787033	1.0761468424117213	1.0137310213590833	1.0397155245720346	0.9947212394097671	1.2385835127703078	1.2456846850300671	1.2298214602111983	1.217844428750162	1.0894719099301367	1.0272483614378682	0.9904613626285849	0.9923049395019032	0.9807815213254555	Pt
1.3996254389157385	1.4787257622895928	1.5450765943319629	1.0506790977276022	0.9782581179950216	0.9826667381206706	0.9236084239140429	0.9197694933764168	1.4015555112212217	1.4695688532502613	1.5374180100117174	1.0708639509737945	1.0223490370678776	1.0210739967959528	1.0088313711771166	0.9765256294594571	Pt
1.4693004388459299	1.6397620924555685	1.643927761385408	1.2016767755263495	1.2235172534889434	1.1581997231636223	1.2410266147482447	1.2842633801240562	1.5338455368253339	1.6294534688092108	1.6389733657715155	1.2490826949561995	1.3548434818072128	1.1568370283292326	1.3036524724015297	1.194225001099653	Co
1.2246887694752362	1.2722954952195669	1.2815438420106404	1.2109769629280058	1.1941043198174357	1.0983787762746686	1.103174152882609	1.0870958017569097	1.186542543806594	1.174620859026874	1.2160400195958232	1.094792185655424	1.172283113779068	1.0500582172083968	1.1453003584440842	1.125785959324984	Pt
1.2549475306203217	1.3280390408274507	1.3171162885698944	1.3865343517654616	1.2657510030129921	1.4314822503102154	1.436495033129743	1.158165476768076	1.3181889971761482	1.2617400011668085	1.3046280591292605	1.2462176557387867	1.197348008076924	1.2632980930742874	1.2375674719728353	1.2982865900894125	Co
1.0479805645173725	1.040426790193502	1.0459256930318832	1.0297047661186243	1.076770222763414	1.0375786338409023	0.9959187808664917	1.028777323107511	1.2318938726035191	1.1449839002802074	1.1351903628580913	1.0057999774586892	0.9952618688192614	1.0165355525231483	1.0501146303116549	0.9093901792923906	Pt
1.3535698573373502	1.3955703479870216	1.4294729373187836	1.0869447916514867	0.9421599396424536	1.0066574440993172	1.0954274228406866	1.0991132668670351	1.2892339208025512	1.252533835893465	1.3640703932735345	1.1099630430491167	1.023313392264164	1.0276650516989794	1.0308674215600722	1.0429882955016294	Pt
1.2034698657598122	1.2232169461720006	1.2677571024344894	1.115871202377618	1.0075402718581827	1.0546622701950559	1.050266162800412	1.2966805956523433	1.419664832489222	1.341523400718976	1.4146813242106815	1.0737651995117359	1.1242318324029068	0.9656560067167735	0.9961025508700749	0.9866394191087068	Pt
1.4324688608759335	1.3858049294467922	1.3960700699940554	1.2917012962873433	1.2016976945807532	1.1372675178297544	1.1243343677512687	1.2609049031304103	1.330022998827811	1.3199495331385798	1.3679687792736361	1.2401352695501604	1.0688460114228886	1.1855583345829481	1.1789203766001695	1.373552470214935	Co
1.7863070092825233	1.7287491469361707	1.7218777454124485	1.2171934826604667	1.5176783731415509	1.093964849699784	1.1886879506277244	1.291875163304438	1.4329036397257442	1.4363861510045086	1.381138705946472	1.2219185610373406	1.3585162008117893	1.0597056323904277	1.2611410848191302	1.0632352092756379	Pt
1.4245018985688396	1.329814801896247	1.3733985661274017	1.1816403003347	1.2981123761444047	1.429523470603075	1.4124226954001586	1.3174942514452412	1.4343145265493709	1.3811059674158648	1.3998671686719841	1.1750955385248414	1.3839651216365778	1.4007630995701899	1.5505636934373945	1.3120059507703623	Co
1.361989604387009	1.3728627912025892	1.3630576278690396	1.366759397910968	2.202374300420359	1.2054846050393604	1.304789469599313	1.4631828508664881	1.3241760547458792	1.3358111533413437	1.327799258915343	1.3422213640255207	1.0797469272706093	1.2181548596295309	1.2957348944519476	1.4906808914523242	Co
1.3280774829815465	1.359518049869815	1.374685988468879	1.0566749101128894	1.0535934863376621	1.1577499520308248	1.3230474657104783	1.3009691334412854	1.6469149232283598	1.6705117579509627	1.6937507238585863	1.1494875824714643	1.501895049093098	1.0311968415664439	1.1594076109968134	1.1948090167130776	Pt
1.2101760950793459	1.215689939866626	1.243675359563355	1.2067978727138078	1.391183606691508	1.1838203287638411	1.2398918882127188	1.2761142834532488	1.195976247524152	1.1978791996941254	1.2687661574778861	1.1908086021000255	1.2245773624562184	1.1299428210792508	1.162647358814001	1.2277245533784227	Pt
1.169207110384856	1.2865536649089704	1.3355078993369478	1.2010503661755896	1.2843267994760255	1.0268185024959193	1.0567517264900397	0.9183636072532338	1.2536921917252462	1.3570426780702265	1.3720548114276157	1.2058600571796931	1.1328377243551264	0.9833454387974887	1.0737774788913153	0.9015077460906199	Co
1.377524500732691	1.3391305647344574	1.448349656926073	1.1123245448045749	1.14721920729568	1.2121050435472769	1.2783329820077254	0.9296149452309893	1.4252048592063913	1.270436548538101	1.2742530867139192	1.1413461011613608	1.1234246193455553	1.1317898586463344	1.1470270156501634	1.1788247225792894	Pt
1.4578391150818206	1.588025779981617	1.6031209582351216	1.1622178376648402	1.0750226721662242	1.6034119678108627	1.4643579172993602	1.4060200224677655	1.6695673429644575	1.580120401959713	1.7853697868581018	1.1194372701473152	1.059319385770916	1.5595949080377112	1.3979155705856237	0.8934103744023308	Pt
1.4493964993226114	1.6206783972397145	1.641828156831531	1.181436412321077	1.0862406521317822	1.5968372160404714	1.4565096240274462	1.3939135170277623	1.6447290905819882	1.6550967240587622	1.689018349986422	1.124040372128362	1.0813311353196091	1.6007652506317607	1.3839365449085936	1.0058546273819304	Pt
1.1881442582619728	1.2510952215737148	1.2466722421695027	1.2309660376722327	1.268938211382958	1.1153978921625194	1.193406823245886	1.2273083187834826	1.1866711322047563	1.2251990365294465	1.2523913124004373	1.190064858138749	1.160891340668854	1.1009385083818561	1.3446199822082778	1.1451369621818097	Pt
1.1879338622260358	1.2182709751760943	1.2302479919404592	1.2125105121166833	1.384795745348823	1.197211489718382	1.2740508856252108	1.2701350152984883	1.1721817870907545	1.1535014104999342	1.2412167232632978	1.1638513534270722	1.2270867421751463	1.1075758824679953	1.1415104172919903	1.2598515727710442	Pt
1.5713266835314468	1.375248541578692	1.4698377619614031	1.1195776556583643	1.068461207936184	1.0983404513122212	1.127477824670329	1.032345142951234	1.6921377199218777	1.4747915127798328	1.5422144860802933	1.1684485661419308	1.0562892190953774	1.0691831386318922	1.1350180229007065	1.0866735754476369	Co
1.3858256442908277	1.3659473496473948	1.3878171175129104	1.162531078255431	1.1139079429631247	1.0878797054342655	1.1504117056573142	1.0361314064972933	1.6247812855800923	1.4786389688047634	1.515982012564261	1.085957352905457	1.1130813446749794	1.1510385800550733	1.1510561153824843	1.0249773722408335	Pt
1.1879031528234345	1.2703374775064755	1.233940270063721	1.208303596347453	1.1495431570257133	1.0346559575465437	1.1840829393898458	1.0785243646166327	1.3189304012054277	1.2566354328423806	1.2764612587936186	1.1770948925229132	1.2422609047736377	1.0562236517700794	1.1710774065179064	1.1449485360616263	Co
1.0221511428635304	1.0621964734305858	0.9988263369720426	0.9905130714686545	0.9982652225921278	0.9695164090372091	1.0906875745490654	0.875740333056977	1.001012651034446	1.0061979586502288	0.9893751593274634	0.9471734750455492	1.002513511342863	0.9916572416225179	0.9741976025963758	0.9151689609705611	Pt
1.6168660971655469	1.4796319479521374	1.5559579605064846	1.068399742348124	0.9833855773680384	0.9581698099405358	1.0301134134872794	0.8851330247475226	1.7410502107275156	1.702129038521658	1.7192723094353821	1.1808086886893097	1.0082210690377587	0.9943748800082243	1.005760232114489	0.9908364524138819	Pt
1.2052575344784626	1.2628480200206915	1.2527281422348857	1.0420351042434932	1.1312908535294137	1.126118173579845	1.1697959722731786	1.0236255831309136	1.1960040112176358	1.224493782208758	1.2286334080885266	1.0563347358301955	1.107443442029493	1.113210534365314	1.3398743071889068	0.9685438025036759	Co
1.3401334191052032	1.356843775207409	1.3036686495223857	1.1752878370661817	1.3202376986213977	1.198913515017882	1.2444933911261526	1.332508847537792	1.3688744642854804	1.3247794830049453	1.3203480693518743	1.1770821929761552	1.2430944382360134	1.2239047936092708	1.2622677691152433	1.4198056513476016	Co
1.0526949392241969	1.0896340855050652	1.0887221151110373	1.0532190351090147	0.9678419297399724	1.031242549126067	1.04371922036563	0.9629655073143569	1.1243817843768662	1.1363654910431529	1.105476014030537	1.046933800086922	0.9914197676244089	0.9733047064227291	0.9844383528185467	0.9190702022895213	Pt
1.6640548584980814	1.3848219382977802	1.4799941739117892	1.1322736617921303	1.1750668140278686	1.0768707087842333	1.2066505040198159	1.274973154919517	2.014313656411514	1.5502344210536882	1.5639754825967376	1.2553274997025818	1.1985693494515899	1.1737526256527013	1.3535249927614996	1.3804613265513042	Pt
1.4823002935167435	1.435671146396479	1.5842724482622852	1.1838545176710045	1.238406002374414	1.0259127632006613	1.1370403138503076	1.2371483560641607	1.4868440205485405	1.5402064520602483	1.4417436824522818	1.4059740250562995	1.3551624007628642	1.1004518735114754	1.2644263114718204	1.2074726270093743	Pt
1.4512424994105924	1.327118640693586	1.2643717059868507	1.0577327624984456	1.0603306867599238	1.2218542100871865	1.1035118144051876	1.0601281423300324	1.6505722754994576	1.3727972523063632	1.3256708115652618	1.0386319424559807	1.1266128534449733	1.1337933078992841	1.3273089171666537	0.9951416869488132	Pt
1.0219106083338296	1.0614259025923625	1.0063137463758722	0.9476022962679711	1.0162039583159084	0.9165251303603524	0.952903127676127	0.876105238325208	0.9650798516518188	0.9940324429625285	0.997280085610361	0.936894698905623	0.9914495764189519	0.9424747774838517	0.9588180786179933	0.8734637184277027	Pt
1.3273617295514344	1.3740471208638616	1.3771942374701278	1.08050757890412	1.172645660989486	1.1745367625252825	1.3248489143829156	1.3278596817228947	1.6347979417049598	1.6724143407086822	1.7512465300235514	1.1665424440954533	1.618664596798515	1.0372830426986759	1.1345549331334033	1.2193696268420442	Pt
1.2185348110959215	1.2219614144432378	1.2649211692796396	1.2379452754819662	1.358631030563544	1.1914927313123531	1.2241575360817785	1.2479506476874924	1.1705270732266688	1.1686411333169233	1.2556384914779681	1.195652293691616	1.3464423022759904	1.151392275421754	1.179642207361715	1.249668170907652	Pt
1.3712676114180118	1.456245706601448	1.5425878749029065	1.1481292332877036	1.078603560556157	1.5673177816616999	1.3950059225478266	1.5263978645640057	1.4661410511631188	1.4992382301936422	1.639522400904028	1.0708454646251229	1.0515135033313843	1.6077398422646803	1.4164311271702417	0.9410212334196623	Pt
1.46098977509193	1.5844368451924091	1.6356835698180405	1.1523731920825926	1.0820906734766529	1.5843798469310895	1.4008372075748148	1.4870892891338556	1.6082514477747698	1.5882023284121711	1.6733817935031143	1.0995382226834773	1.0748603747676098	1.6066587464048057	1.432300308475069	1.0123462756602841	Pt
1.2040807649462915	1.2723614188768808	1.2562172342437121	1.2006511917175622	1.2939834291650767	1.0888707492877254	1.1758822073572912	1.1869593880188423	1.2091576963976705	1.2500916827539263	1.2731984791856776	1.1670862262784536	1.071180794235964	1.0693491294442057	1.2746428892600308	1.104231268120507	Pt
1.0208258994762902	1.0511092305014775	1.0034441250979462	0.9495145160695183	1.0379284075145643	0.9367436234904947	0.9582941437706851	0.8890769854430424	0.9611360673208018	0.9913939457178584	0.9860998652247933	0.9575571110809493	0.9946721851056649	0.9380619456140099	0.9627763243053931	0.8765539832583754	Pt
1.6665756543276755	1.5420819865791422	1.6190450511459982	1.0548059146021416	0.962007781057953	0.9330805052976584	1.0034558366465773	0.8770938919425905	1.7022348087718349	1.728242703734257	1.7388658158003436	1.1518676687519585	0.9765086122337457	0.9741545359638089	0.9823550587490111	0.9531376914918278	Pt
1.3671699377488544	1.3834789330500954	1.3546802406919485	1.2107105645851715	1.6951722450869255	1.2332848536385	1.3043313637503031	1.449750044609354	1.395556848184833	1.3712629580967997	1.3733836084337354	1.1914285991752662	1.2301222257338285	1.2658645167677407	1.2759992763691659	1.4752112173628054	Co
1.4604415145780878	1.3871704060304901	1.5789774620604353	1.1501408439648562	1.2832875990651562	1.0066033544126523	1.1701193217026922	1.240303530096167	1.4915897163771095	1.5356079539041823	1.4400699332674116	1.3584675871913114	1.3169142978039223	1.119938628681114	1.3127774832253267	1.2494821574166055	Pt
1.4464235208079186	1.5877355856529887	1.6636577835101802	1.253961729491579	1.0767085487391734	1.0554324685746546	1.092931323185027	1.1991422135684726	1.3553748850693155	1.4393425618103801	1.486640759636687	1.195191581522802	1.0151290707565432	1.0472740320538654	1.201794193034643	1.2172262868621029	Pt
1.8026923290560342	1.4897585244115805	1.4499011217959763	1.1649902720838254	1.196697288195673	1.2719163958694364	1.2233451153427966	1.326038672913933	1.654253640851962	1.4039826233148627	1.3958205105849915	1.1908412337634733	1.1745578385439583	1.3966406700189475	1.357359051738932	1.6166339386689448	Co
1.8501208535919091	1.5491226681483345	1.6459717505557756	1.362032102289991	1.3646235602960688	1.8112589051070573	1.7416404777685321	1.7298721238134718	2.1561177960368263	1.7531966312698406	1.6990279360274076	1.3180910486215154	1.2661517938374756	1.7461842928864	1.6143740918090048	1.5800431772778554	Co
1.1385004644031798	1.1234385759512742	1.1238058246414226	1.08936782353268	1.129514596073076	1.0230807722745576	1.0832428607283215	0.9496211789339155	1.1983569582628595	1.1278120312388464	1.1438008738282657	1.0813661035172135	1.0529337891730528	1.0857882675492705	1.0431181109459469	1.0367759619446761	Co
1.5446719517935	1.6106300714098045	1.6048017451337855	1.1162016377850368	1.0523256425010123	1.0821655286643854	1.086091259838586	1.0154576502712986	1.5243563167137755	1.4122282924451774	1.3808566229540526	1.1101693998492954	1.0188679148562645	1.1616250543238984	1.1814852277063743	1.0343139514999138	Pt
1.4176897054564814	1.584772960090438	1.388034869628674	1.0483234693771262	1.0457706189905989	0.9952231212109102	1.0989787957716466	1.0458232590663044	1.3368948376024632	1.296351890329621	1.3405969282009138	1.0975541449510917	1.101214439321099	1.0024211947177188	1.0056758443384923	1.0308744806833245	Pt
1.515683681646822	1.5588774192571768	1.610646093133054	1.2382159050239032	1.5078052215009112	1.2244601388529388	1.4112726004660383	1.3608316689282933	1.54285705417769	1.565176714495098	1.589533893371894	1.1887013454788844	1.3204981598526446	1.2014805447535128	1.4295013747573495	1.2264795041801397	Co
2.09951525302496	1.7321199661256594	1.856539615807173	1.059121049126669	0.9904336862693844	1.059774927486724	1.0519669593892595	1.0870575126835436	1.99228769445011	1.5516604197039938	1.6900499232946946	1.0256780567188455	0.9876072595741939	1.047314029115356	1.1076913594895383	0.9875431340569327	Pt
1.452538669892454	1.4390434203654632	1.5033252321903652	1.1206598068902307	1.2477314668770172	1.04564834926441	1.0824751161203199	1.1605947525599423	1.5324018287194092	1.4453572832184882	1.511576417380963	1.1063036166542286	1.1777353731467146	1.0314719056176278	1.0597653135542724	1.1814156188408145	Pt
0.9959446198660437	1.0906196330962104	1.0678544734876594	1.1199255948558093	1.1620975207004733	1.006745213671029	0.9802649540304199	1.0026127900788637	1.0120107051991953	1.0679052821107724	1.0871996897878329	1.1663906457005322	1.1130688909060587	1.0049306846792214	1.0111935443487956	0.9398994330822896	Pt
1.6725336591300102	1.6162553727002316	1.6441159333811524	1.1130047491592279	1.2570561613964744	1.7829121513050274	1.6158211243749252	1.510830690063536	1.6476146158271854	1.5993536576855814	1.5806173550906855	1.0986557632982386	1.154139140430021	1.6040216869274748	1.5762352123500907	1.6452642326268243	Co
1.8823548619765647	1.5400357908612523	1.5060582161902991	1.1527254967771683	1.0524209085818148	1.2293699444344675	1.2253188512504645	1.3402656777070692	1.909093686625905	1.5382269767036674	1.4309015993917644	1.2323000366388654	1.143593956636496	1.4748819088689409	1.3597152440402582	1.3057903835119478	Pt
1.1673673374372289	1.1025853483738446	1.2306970884305706	1.0736787614825407	0.9886641710051935	1.082107418762999	1.090632684562781	0.9265314528940846	1.1173032848540572	1.0826792944645336	1.104634855422911	1.0761028457925532	1.0273271881723056	1.2546574724822093	1.2920495874097804	0.9932831771128825	Pt
1.5759592755746505	1.484855607834641	1.3785567258376485	1.1203971285870176	1.1292250413579747	1.09306831101171	1.1046824158165316	1.1122533892108861	1.6107702965600126	1.4807643716685952	1.43907260413423	1.1092521078272977	1.1050754483517566	1.0998183190522597	1.060959200281101	1.199165593574125	Pt
1.2047962100339613	1.1392238514921744	1.1045539802494535	1.0473883974397709	1.2841445542971108	1.2373567051672716	1.2763542514974386	1.1088862026346105	1.4148123191302717	1.3237276933824342	1.2154079963166027	1.0291070640186502	1.190120064754221	1.2150156004325448	1.2977577649432124	1.4347486309430053	Co
1.4327538561117843	1.4434543652371143	1.4415616082179767	1.1278758986710975	1.1714053902744546	1.0007456940133932	1.0486019785999003	1.0611285141185285	1.3111389775364939	1.3033260015022659	1.241997621074771	1.2396128855312312	1.2959374182782757	1.0642160547081139	1.1155537814931578	1.1231417964536028	Pt
1.7598974466381496	1.6160744167522492	1.8151394588774323	1.196140264665932	1.1743831202091208	1.0777992444665692	1.0936391060524655	1.0195002085650133	1.4946279707501102	1.3844409004011178	1.4547089628198726	1.224559826741001	1.0811030055468371	1.2966898920295271	1.2813534733809493	1.3631157868047805	Pt
1.2731919024544032	1.271592505610382	1.2821204114051479	1.2041632628351209	1.2566019632947563	1.1570128615008441	1.3226471733900032	1.229703074250722	1.3276086782930783	1.29183383999723	1.2896616933250364	1.1379422326195725	1.163593275074299	1.1758328384409371	1.2607698131253653	1.3507590265647857	Co
1.1776665653111091	1.2780886629488084	1.3732661666277828	0.9876802100300761	0.9848288893786384	1.1301507634081038	1.1072460100670667	1.0167983973887076	1.240250102189496	1.2138960904161582	1.192468754057653	1.0929364714549643	1.033665016297943	1.4781127842505313	1.3124953607285326	1.1983334331310902	Pt
1.5878152968562333	1.660862873233496	1.8389129156603652	1.137790195682391	1.2539726852175617	1.056482071920268	1.0881748322828617	1.0842876724302497	1.623787411876585	1.648045316162207	1.7401960063722794	1.349510391130575	1.165100642667957	1.1418072025999466	1.3493498653026628	1.3167949313904803	Pt
1.459237249699032	1.5570895550990125	1.4747340190789024	1.1851086854182797	1.302970896866986	1.0468709283288233	1.2842714032170486	1.2396859773450046	1.5347165317046225	1.5863625577236868	1.533244071447028	1.2905042537556564	1.3051595505671492	1.048351412864544	1.1924297571532683	1.2364412384827288	Co
1.0242888301728708	1.116491017487992	1.0910092841651047	1.1465643055533359	1.200472485937119	1.0130816245114929	0.9760714012181935	1.00581855448349	1.0331271753801168	1.0910550614601255	1.1063652815721978	1.1971194194346866	1.1579282986378816	1.0312922366301367	1.045953149343012	0.9721566646695133	Pt
1.4859983839999305	1.454411949128361	1.5690677714819454	1.0664717110441964	1.0988381565703247	1.0649764003329067	1.1822826125853119	0.9531664662122369	1.351520032238326	1.3233750337738996	1.4820125100636437	1.141574271341746	1.0958455920482317	1.150229905147696	1.1458870967402905	0.9306369127697169	Co
1.9617997394435231	1.7432689450400645	1.917833452451581	1.0430868594107514	0.993234448853963	1.0699346836373291	1.0745059090201543	0.9338789066308878	1.822855168220583	1.621169823613457	1.831288145137958	1.0928693873672894	1.0798672620000795	1.0975783368911352	1.2841212302052643	0.9248216367474251	Pt
1.478576683875986	1.5472031207791697	1.426818644693982	1.0540542570987088	1.0499382340655008	0.995094397065219	1.1029447944291368	1.0273750979665979	1.3539214682201377	1.3085941966961294	1.362789142554001	1.0863463175297503	1.1070389523892084	1.0085569756266104	1.0049126883941732	1.0274608853541518	Pt
1.332200468041718	1.270278523692219	1.3379563012559132	1.085381200911138	1.089231946673128	1.0160057571775896	1.1580939620927613	1.188302972363319	1.4764956464076004	1.360234858357418	1.438687057952047	1.0428711934847912	1.04939306798916	0.9932221013319096	1.0670570570857858	1.0630971188549438	Pt
1.754115157517774	1.4686568137882587	1.3826631637674267	1.1439950417631737	1.179105664990082	1.2926351425261222	1.2618887064906803	1.3598165274796232	1.5748562170170293	1.352491692739891	1.3174210408945206	1.1529939690585294	1.1947988701547323	1.3980860313334171	1.3837961982125033	1.6430439859746453	Co
1.5992648688586966	1.6359319547556226	1.6591638718695974	1.264390946707082	1.5283974446478317	1.2706223778141685	1.4253439460076975	1.358490428109737	1.5935546040755162	1.6306836006323127	1.6373672618679678	1.1647185173856596	1.3321402991169506	1.17452298202397	1.4463072803981156	1.2275956441769171	Co
1.033575297195653	1.1206300944569032	1.104157193586665	1.1689163412865717	1.2062181048984475	1.0062098726427744	0.9742540229911898	1.003555015462203	1.0450865371557603	1.0920321971285465	1.1243118234659957	1.18616326572933	1.1491107549495354	1.0251452311622915	1.0308636236232918	0.9507200176900178	Pt
1.8643271373986787	1.5267889313065186	1.4968148939438177	1.150849899190792	1.0522967061039301	1.232056703093875	1.2095317635254792	1.3059086090419834	1.9663291691506044	1.5151110855910197	1.4158113079423842	1.2024922278363914	1.117194160209068	1.433974562586969	1.3069432109280188	1.2027508256975656	Pt
1.7015182514489389	1.655213783065106	1.767344679736855	1.161225485310234	1.0945271650831787	1.0435264991183968	1.0950471929609773	1.2001791626257625	1.7259053041899863	1.687698051521333	1.6782986598746952	1.4460699948575857	1.2225541551959163	1.135214930374321	1.2404721259952283	1.2684106372574937	Pt
1.2944510142710997	1.2148916020918712	1.1638384734692333	1.0605002207791996	1.2674703634892601	1.249502995088949	1.3020370703518516	1.1445919371829647	1.4748829029863624	1.3449875398334157	1.2555988747142168	1.042630159560015	1.1778434283503318	1.2055961134867512	1.2966403546918757	1.4021989396227927	Co
1.4008435806377622	1.4502148379119884	1.4332599101898706	1.1448768278129824	1.1794729012213203	0.9836051619372592	1.0304586934846924	0.9760617404646024	1.301837607540708	1.2771318143552726	1.2282278701314424	1.2000688808035918	1.1495299625169966	1.058496959723609	1.104935561323174	1.0743525696870155	Pt
1.4648662276828688	1.5095350411840318	1.4989709553796264	1.1612657061598863	1.203507808314599	0.9819684508977156	1.0203968127295142	0.9927718069786788	1.3729849264493195	1.3534526569967191	1.2940808156195143	1.2367975171654626	1.1835410690658075	1.0525897071380739	1.1029825532403736	1.0713681438847626	Pt
1.6816876150176483	1.603146956039958	1.7251624696970742	1.1690830653340014	1.1518258525882412	1.0589153168746868	1.1223765909954364	1.1935086207288093	1.690418442335843	1.6341513520289463	1.6534130275714267	1.419538111810596	1.2756902137083592	1.1512821377262037	1.2849667512770035	1.3286756127320538	Pt
1.0119013479096446	1.0876341418944275	1.0806433262056208	1.1648814348182825	1.144202400094405	1.0094295301169476	0.9759206491823506	1.0038350287145177	1.024158972723286	1.083812321651234	1.0941537448523027	1.206652994873558	1.1372814837935625	1.0225555919669285	1.0535811449156056	0.9573942065900364	Pt
1.4511828403891067	1.5368677121132674	1.6292723913246405	1.1371327818428736	1.3020264412963636	1.1008752735834613	1.2219837250413867	1.4180238681341346	1.4739600557764163	1.4336298486745878	1.518470010455799	1.0900127084255604	1.1289222705216673	1.0823348175400211	1.1525178693267193	1.158824035256442	Co
2.2216135919546707	1.8272534724006186	1.9384790427057823	1.0960510585509038	1.0104276961544976	1.0783995874384367	1.0855136188168164	1.1927109789906436	2.1905290765119996	1.7255147507023638	1.8454732880164022	1.0788252994790073	1.0206386159471463	1.0795940721089132	1.164931706431063	1.0658722812118888	Pt
1.3800073856377852	1.4177118001483826	1.3421621031474138	1.0446841251503889	1.0630622109901395	0.9880116285079943	1.0717908494894057	1.0579789141672489	1.3207932618718823	1.2757430853296847	1.334860589144593	1.0919918492209322	1.0809619439403815	0.9971183419283999	0.9837350394150555	1.0122890110321268	Pt
1.0295684139116714	1.1271157912619434	1.093625365730559	1.1585130145963578	1.1982380540615745	1.006599624279441	0.9858606867296509	1.0072161917442133	1.0084425083420612	1.0783655806834418	1.0854359733870231	1.161708271276627	1.1731972374925375	1.0195715248729604	1.04928250131995	0.9539340845200641	Pt
1.2590392653145466	1.166194559001494	1.3588595227470153	1.055007042200663	1.0009101363812722	1.072678276603803	1.0999047224864908	0.9365255915656018	1.2302555110997155	1.1097685231866983	1.1714721186515709	1.096731315144377	1.05700568871537	1.241355131916249	1.3102452358980943	1.0037481704254378	Pt
1.672628182609949	1.6548843620818496	1.6410301488384116	1.165967072187482	1.3411426150342551	1.853248150713142	1.7166862629885096	1.5784186702968361	1.5977145817529201	1.5909792278357815	1.5178812179878798	1.1254055868145796	1.1906947186340533	1.6912399958976359	1.6519529274343858	1.704014733347226	Co
1.7499638439754053	1.7019889091975753	1.8394178693731702	1.1606437386039499	1.4358641578087274	1.0752451868533974	1.1335705405571757	1.2622025290844687	1.8098453135492505	1.774309186135023	1.825578256456272	1.5114436192111125	1.2941080250048989	1.1537026069724463	1.2810091464600792	1.287364963355133	Pt
1.4688073193343882	1.5335099168767317	1.519053890553486	1.1589369585448013	1.1760357843673714	0.9720380789475536	1.0099568579974838	0.9820743267076735	1.4173275745630403	1.3839173099951774	1.3397514862292517	1.231234908627493	1.2187161715716617	1.0646928829914253	1.091162396781685	1.0959931369929203	Pt
1.480415589020094	1.5316909543277295	1.5300159338140429	1.1676350033110614	1.2174405230175633	0.9800979947240194	1.0197715315350506	0.984070723933131	1.3674777047962297	1.3459432109172056	1.3147328579815531	1.2111137031314871	1.225894486320309	1.0544177271533808	1.0919412539701745	1.090796888552417	Pt
1.7004283868844656	1.6600709303367307	1.818577812929638	1.1462517622504813	1.3242377730103465	1.0591111736560113	1.1299886389068483	1.2614531256428845	1.763262427417594	1.7325347986315984	1.738937657476086	1.4664838393149888	1.2508605616616455	1.1493394766481737	1.317606949640786	1.283842885067375	Pt
1.0169720705233287	1.0979326373975242	1.0755241248847534	1.1505499395161856	1.2117965137965208	0.9918616381218283	0.9806741459405329	0.998090798866034	1.0038787010359322	1.068004638884112	1.0910534429968959	1.1723651538990705	1.1315335888424025	1.0144602606885422	1.0339732845237684	0.9651194981206458	Pt
1.3803571144235116	1.4302469296331366	1.3404566444584856	1.0447638488223605	1.0456244546784765	0.9956972141976463	1.0854892343228706	1.0505523917581452	1.321059277233078	1.270467546198161	1.3556274884820003	1.0749884605416746	1.0641842070122056	0.9943052076126829	0.9914325489320025	1.0141096316325295	Pt
1.784084247971809	1.744631414368161	1.5699794895576085	1.1368885911578894	1.0116219044397112	1.19146636201835	1.1218954296786703	1.1878212426694692	1.632315475276856	1.6448818688031335	1.608188617928333	1.0941288610357283	0.995185999815447	1.3001220332878034	1.2169017802897424	1.3529492823446927	Pt
1.6481226395618827	1.6309068912417564	1.7394696347700276	1.0395328844511351	0.9659845777773808	1.0118592000881153	0.9231337257386977	0.9965998084565664	1.3940486091272508	1.417966425533693	1.5007288188888352	1.1320333474038757	1.0269411768096044	1.1110037245172786	1.0998169778408666	1.1087464710884192	Pt
1.48676097288152	1.547229613570682	1.6586904871170827	1.1085652425255788	1.2898732542021132	1.0622324733550075	1.1812810110047829	1.1785073740012209	1.5054952290199135	1.4937987303041544	1.5628893841010947	1.1280827352758862	1.1351531658011047	1.0924431477085272	1.148057967165952	1.1228468179382625	Co
1.2020594280103816	1.2318663451309568	1.2364466721972707	1.1999674999360626	1.3643555844117288	1.1892345343880115	1.3248892059239359	1.1747075798423607	1.2761573209272672	1.2614599721507924	1.2691682768162074	1.1401788051181045	1.2978740674800653	1.2488556938440798	1.3805475368765445	1.3069741844364813	Co
1.4412166367245547	1.4553267420708371	1.4967316339900916	1.2191230286362364	1.4494236467107637	1.2017258529267243	1.3422513947293773	1.2859204819901011	1.4396618007047313	1.4627162908382925	1.4815285282795694	1.146952851535551	1.2838495289513394	1.1273068453935258	1.3685963887025172	1.1560665057072148	Co
2.216599907674462	1.8945755056229407	2.0366964582986893	1.100140312287299	0.9943575023207977	1.0615642442819104	1.0611576908854001	1.1062022608982396	2.0931403380387326	1.7241410239347088	1.8076763869215209	1.1090469043688025	1.0255012337083103	1.0732327300911606	1.1456827211048264	1.038056249872075	Pt
1.3350004278928396	1.2898539109221476	1.3047277138459632	1.0489898636440127	1.1001637969669589	1.0069276765092567	1.0507135585306862	1.1160436315465851	1.2416668065783734	1.20057154587771	1.2409064157944731	1.0528412826080797	1.0366209708230218	0.9833113808819622	0.999694566616663	1.0492831311100927	Pt
1.6299422862110542	1.4797143383366793	1.364383266980181	1.1455819767292548	1.1875635714124393	1.4158511401091445	1.3765539006896432	1.2933180772454098	1.836606811664151	1.7670685605718786	1.7965698902176073	1.1255757937376714	1.090714356634193	1.3014003025374319	1.2397451349963722	1.231066819143764	Pt
1.2124683343922185	1.159941112989694	1.2843034753915397	1.0682964601549636	1.0300225846404631	1.110683482808016	1.1543975357100618	0.967880364722305	1.1964039772827815	1.1006391332538992	1.1418281022609742	1.112496788073372	1.0883462740249177	1.2782989463361152	1.370344372345662	1.0601869266162784	Pt
1.7945151357245037	1.6489034024574214	1.677935724864302	1.283258935386383	1.135542038350323	1.3582849606210834	1.336816988682253	1.596251622606954	2.0793913563716053	1.885570502138629	1.9142846908232776	1.2900718047283741	1.113838283205663	1.3106978185032294	1.277428057519029	1.543362185718054	Pt
1.5998386494748895	1.574623230743335	1.5425841057323963	1.188359978037855	1.385267293509547	1.9361256500859678	1.7965364568758946	1.6980960752892962	1.6222554916214211	1.5974902447877268	1.5489535860627217	1.125521214618403	1.2275586966481769	1.7218430227641284	1.7208083992406982	1.7655213964673389	Co
1.704656665658264	1.4127118972830337	1.3797688755240638	1.1000461419771554	1.0295172058471727	1.1802083964114667	1.1826881232499418	1.2460461991714096	1.9090061537203336	1.4578036256840883	1.3318494710624353	1.148638593693214	1.0648726173721645	1.363062195543156	1.2242061367543253	1.1413050826612818	Pt
1.675184841882825	1.6316616030428752	1.7837963785785407	1.1600359200413894	1.1195269319883587	1.0444000186917022	1.1020897540799273	1.2039457019426991	1.7187322118608848	1.6907215698723357	1.6988543479960323	1.460165589970851	1.2719610362994789	1.1220205105020757	1.2432885536436196	1.2463495691727775	Pt
1.5695080438914284	1.4291931978438939	1.3589366471856987	1.132499191726604	1.279607019081244	1.3610085531950682	1.5581941432945083	1.6466586360038094	1.683105631413561	1.3494162717975	1.3876773138763527	1.186310863541575	1.2035986480372483	1.5455764682437687	1.4512502487980377	1.330952856029514	Pt
1.427248312462845	1.4846150416068638	1.4900489921862365	1.1386319270460563	1.187600243923202	0.9672911212069162	1.0034225848430283	0.9836657676021408	1.3888360781539273	1.3754403518243334	1.3268842625209445	1.2483622825984952	1.1961269900001286	1.0657830694484494	1.1103059882600685	1.0856815341793606	Pt
2.099244848101743	1.481555758420314	1.518234413077275	1.4213552893698211	1.4649635907683398	1.686384098083039	1.7243893639816108	1.462477297720024	2.0171795645627486	1.7954264255828183	1.6036150576906911	1.46269888609314	1.4099761105932311	1.672874267018899	1.7784409968166937	1.2322094350084358	Co
2.178630883747925	1.5324005051810765	1.3867742112758081	1.3669592208633718	1.2580439781119308	1.5578075352716882	1.6494228993129323	1.9392220777159663	2.529804836061048	1.4109683415660452	1.4167362014991778	1.2147182652895334	1.1400183006875086	1.4549359269259072	1.457166300000668	1.6432417361481344	Pt
1.450671441902813	1.521515832572198	1.4969514324210367	1.1464953169661947	1.1796002776508867	0.9691891495993499	1.0161999578014616	0.9928590014305742	1.3831626034436169	1.3559523202095762	1.3190332956038315	1.2238314103219499	1.1765563542404915	1.0515739737467429	1.0748920943429856	1.0761497536083162	Pt
1.74048574781944	1.6925529977724594	1.8452554201262603	1.1716357478563044	1.1356590622108795	1.06297551630986	1.120069251566695	1.2268245035956848	1.762645292045614	1.7280131866395378	1.7404115446868282	1.5041346010688201	1.26765357822482	1.1414040566145705	1.2720828207238266	1.273934412922591	Pt
1.5444114200653694	1.570989513424874	1.642211768181947	1.1529936177161364	1.1162470273422553	1.1669425804096414	1.123177671707554	1.2488183133267319	1.4618785835155914	1.5639770698888686	1.5906393720777003	1.154832387387391	1.23723100552122	1.0242492717880791	1.1253907226495474	1.0047484706158745	Pt
0.9828948051448765	1.063216641989673	1.039415139399515	1.1226420379841753	1.168326185805676	0.9568050485369455	0.9585059238226813	0.9497040587167578	0.9801632496519355	1.045100498923422	1.0678016822816654	1.1460318742149107	1.1486333011945804	0.9944863886531434	1.0184890419703827	0.9492044319833539	Pt
1.3705176441796323	1.530517053343466	1.519380200041617	1.1783247506317713	1.206679403988048	1.1361295526567998	1.3267846979332716	1.4491671566248523	1.4120044829569454	1.5317585020584918	1.5223532759120006	1.1693274894753933	1.1657084405424247	1.1845802224574913	1.457049504080877	1.4532774582818904	Co
1.763209341867968	1.6954121496193473	1.5346471904639436	1.144427947381492	1.0259168781795909	1.170535890515215	1.1137928813064693	1.1829982499223137	1.5923178499383002	1.6153593387734682	1.5579410342355025	1.1237489171275519	1.025325723567521	1.3628740747771526	1.2738989691272706	1.4329514787268458	Pt
1.2954115498604444	1.2995627934320293	1.2677205674866827	1.2701201885357287	1.361435281204254	1.3006178241103294	1.3345325627931566	1.3935661835621804	1.2016848111077512	1.1857584868951418	1.2203273794380523	1.2143871074130075	1.1749529163677177	1.2129380096768696	1.2174479814754124	1.2515486091377785	Co
1.6149246089356424	1.3990225927583606	1.3897154516544523	1.1659968387584672	1.2327257897914654	1.2788749137478617	1.3971247698012403	1.2856960641361919	1.640634699984393	1.4681062259682065	1.4498530083342949	1.2214677593049337	1.16849066824571	1.36756746645408	1.4245447513918579	1.3008611656115272	Pt
