0	1	2	3	4	5	6	7	8	9	10	11	12	13	14	15	label
9543.509690460289	-721.174713470939	240.00852126728708	1544.1799007798986	-19.743445572578562	2709.9608105857255	2404.354003143159	1983.9550444173442	-1976.5925258916436	2964.2732992277115	688.9401878216876	1183.4610220226248	2462.5668476813385	1268.4763676964046	-250.1691108432925	-785.4130679323788	Co
312.31240322963356	-2064.7395612274163	-562.9943881411062	1464.3543563143387	138.02404186026243	286.70333904341896	632.0031616365341	-317.47590841317157	2316.46465079222	1035.739835768477	-170.18012891236125	-776.4677100859216	-1854.6631932217203	175.43479013766986	517.3087373218422	492.2680150966447	Pt
899.3594620316547	1124.2148825813238	-576.9791236950188	-348.9134674316098	-2016.2840716669161	641.8199294657376	688.7375316106813	1636.2678360671935	1342.9399217688028	10.330242139816804	-450.5186199981651	228.13680045924428	-73.0624528873975	-925.4578734251411	-48.75857250822237	122.04397286958701	Pt
-468.97218189238623	477.1929664362147	-13.61937768918019	-454.5869917229472	-1021.6840200889112	-706.7799346207212	-828.9241964433172	-676.0617511597258	760.9414315898626	-1295.2562960729495	-564.1569860061728	-188.03148616286055	780.3626217295371	-1238.9273904941417	-160.52069838997775	37.116103599416064	Pt
2378.7610385038897	-1068.9283247954515	-3121.2757926453073	-1471.6511591643375	-545.7138066354102	-2096.8525141805003	1066.4701933160088	-36.712350392365586	1810.4692257294384	726.5653951144411	-531.9038950137677	-685.219075306542	-137.0708165370856	1207.22850794719	-254.41192799514897	451.16347582940915	Co
-3939.5840048815476	-71.7859415335494	-205.51868460424987	-580.9334051524735	-451.0186656752293	-42.38178830776684	-1753.5141640646452	350.7457945278401	-22.566244974927148	156.41970386323777	-106.90245245499798	178.90806732222995	-49.7967120714404	165.57379656152165	-320.7924690244685	-249.1744064652978	Pt
502.3575412066655	-105.89469955918126	-2758.4525442113645	1423.9735998022174	-656.5838321104044	591.2129293667215	1371.3962340510543	-996.272579080374	-1019.3502465823428	193.85818617526928	306.84889628428186	835.5281657206218	327.9224666582242	-307.12300069181396	-1178.9013132009252	-969.250753197509	Pt
-399.330791476257	2622.0693864514574	-2724.1685680288115	-562.5377027490181	-60.937816300211644	62.35193400305163	-980.9586705497776	-1203.0815703469082	-361.1033174186074	527.6151063984917	759.0254293594384	-292.90401493759964	-729.491376061906	856.2995540616238	376.9084655167675	109.44136060414415	Pt
-3002.9497333195086	665.3898101148309	-101.12805164509057	26.74756092137813	286.35363832367545	379.9081203303893	-443.69919371937476	331.3946299961085	148.95812267512196	-151.90245301416493	-1545.2682562183488	390.44042665987587	501.15350755270265	-497.72250477703113	-106.96474697729994	623.6022878071182	Pt
1453.885914500938	876.5851579523844	1426.5923311680208	-404.91288573129196	-1387.193396652348	-496.328308823077	-1897.916384097602	632.9537610985728	-931.5579042516972	-341.9815163073498	-64.99909482993735	-29.31098401340037	16.56250884259395	270.08640917416574	-214.54970189052833	113.51712439934735	Pt
356.6579898038438	199.55107188703275	-1853.075325980752	-978.0759759434715	-482.4834584984729	1183.4726792922743	-216.70597562680163	191.70054968673116	867.3778694502847	214.46608157368584	673.8871528330551	376.2189560199529	-455.8401795840618	-557.8933243466582	16.9850399232257	-298.87053090761555	Co
1589.9411058682042	-2555.818073479588	-1079.7773534751138	-1302.6932692921837	626.179075507145	-628.103495331579	1.411987511322258	152.1734725676731	1821.4901009378682	154.18593606385778	57.54459728153889	-247.23854615502006	34.53487615504063	1029.2753180267314	-163.0110062408552	-351.2202392381567	Co
767.0116004785925	-41.9056283775146	77.19933436246204	-501.25561217845177	1022.8903154016601	-812.2930720202223	-1278.045208703425	-2168.4157397603412	122.64219506482823	-811.3455151341452	-320.0525592294383	206.5345286893136	-156.60810582135946	-236.5091463334396	-115.85365920905575	-61.1762407411341	Pt
-3551.4469920392003	-41.569025617930784	-271.944263365302	-772.501686456952	899.4803174677952	-269.12515975737335	-66.0717716288861	438.3427560322131	1065.8828440728623	276.1543898222582	-88.06811051085724	1392.214835097025	-916.3501135754708	162.92385206488294	-180.30805636241246	718.8353421892654	Pt
-5587.0300612951805	77.74349331654884	670.6756146565233	-842.6297523081656	-76.56118307509546	1952.843999301422	214.974635964043	-793.3697807304991	-6.589491164251022	-776.4677278586872	-640.1572788860236	-569.4277746770032	-43.73516984279899	-87.15971285583817	-62.588931119938714	450.72295438213393	Co
143.75232182753746	1949.3991023198225	1935.2453606675595	2274.367867082725	-677.256695728304	-566.2807942168502	1563.5847146645795	-583.2487935536332	-1265.3161104296362	7.369874980596047	127.92041517376798	756.5473103102828	157.51235004682275	300.78572244369576	82.69630241171258	242.24889867510248	Pt
-1774.747458485032	-1052.8857199976328	-1106.835665597055	2569.1869408003554	-681.1125949087658	609.5538196754774	928.345540953478	-614.4804628073252	-282.34738034476953	-270.45808484965136	281.57195839260754	56.89069204218356	-703.901157629283	-432.1610306661259	-568.7442842522223	-638.7169625933586	Co
-1000.5728302566285	-3092.2543352142825	1699.7384312651643	1695.0049063255008	-1370.5295181678387	373.17261148171093	735.6113840796421	-423.23098033358366	574.302960304135	403.951337159578	-479.1201063455191	-931.3139058383807	528.1438926603156	70.5314270670336	-857.9323553860194	-786.8115497831963	Pt
-529.0949893130249	-910.4898294380469	-2012.0028028279837	-836.79519521242	-751.0335463838975	-2197.3629428956874	118.1180194784301	85.2429596977071	195.81048519147328	506.97174088050434	-303.3517214740682	-263.5653621364087	-491.532455823523	478.54560153244654	896.4127944354132	40.23307849837611	Pt
1969.9445372894058	-2838.370432216183	2424.3044541295126	-1086.6648803240591	627.0516422253473	-1396.0907672601213	1122.4536523617667	808.4760322739456	1504.3398011927345	1185.899510505672	-812.1869713420054	-146.8405171689945	1660.1540835749083	-831.0177355673136	-418.6850287184343	32.374069699662286	Pt
250.83852732535718	2214.6920672759074	-1275.1580871181523	348.01607798187956	2822.700399530679	-2142.6576444927846	1061.0102608775426	1459.2764053091018	-768.565417699595	1334.5467069302595	-316.5027168476654	-608.9423435165711	619.8987498062165	-170.99695343769275	-230.27793340407814	-927.0163345765533	Co
80.7455694850088	3380.677170632263	906.1499855930914	3108.592721138658	-76.54994123193069	-131.56010622775332	1219.178896533864	545.5777633868844	979.7981751730385	1379.3449490598919	-944.6264066989843	1733.8120071489952	503.46988597448575	284.70663361153584	1066.0687096385543	683.119363202577	Pt
625.2270986411401	-1941.1200270134775	527.2583311012904	-1639.6513503450353	-1116.5499512361034	313.2223289796179	-479.48105963571174	379.0732902489312	-971.6326462657856	135.16480983776276	-354.01228832099304	-928.4731754473911	569.2663964891296	-751.7116272877751	-1665.4342529043042	-1072.5807830402512	Pt
-1518.706257846445	-289.4012062707977	-3274.2705610763214	665.3212085975241	-212.64333647954513	794.3343049103493	307.6830560867637	-704.8191254552838	965.5619466613891	-146.75899721442497	-1263.3921065981733	-523.0635188366529	-1250.5772271457695	-110.49497684602719	524.8144376995206	412.56348278429795	Co
-395.2264964923605	2157.0941543539343	1455.77372987238	2371.9299890619523	-1159.8222288867448	-446.4217190992797	497.6252082411185	-322.0597770507425	-789.8339766847924	288.6899261458269	-973.4755615239379	-32.70265742972414	276.4342994090193	910.4816010991482	38.675549504642866	-127.17749772071704	Pt
3984.2622313164393	-1927.0278149834128	-1516.4400629873885	1683.1278488758012	2255.7063975467217	2271.879451755114	1234.3395550514601	260.39578329870346	-1166.0777689794854	524.0569316954017	-1675.4412694117627	-107.93850389025232	-260.81358440998076	934.8770206914187	-336.0516566668205	449.1602358601276	Co
677.0493645853188	1929.5923317399713	2268.8347445133413	-1255.662368861011	287.61730273283274	51.07659935587996	142.78402498293323	-217.2760924487301	419.9315313009693	1984.3468944398905	1396.1626553498213	-492.229344838885	-635.0856116280391	723.233754739903	-431.6851498786081	372.7642268052428	Pt
-1218.4532666793425	-2573.4139567301427	-2921.277361214538	-1320.4395495764982	-51.823572566713004	-538.9198812559023	351.26002871368587	-117.97783989714559	-934.2974296689787	-889.3011619008431	-124.4766538454646	239.8256463244845	759.4812069737815	-1140.0583934350525	322.8089900741969	-356.61168127391755	Pt
1330.0396217456314	-2110.6434870214634	176.2335069359737	-1304.2257249102893	-589.9968927887649	-753.525057688386	1120.0999573641616	236.11707870097666	2691.190459370669	423.4471637651803	-388.6626373894337	446.9024058914924	-745.149333532319	1318.8315374334059	394.8994226321874	-507.58735317547337	Pt
923.662196343523	-3186.427048134465	-2777.7933047743836	-1986.7153765395672	252.84649075144665	-1371.9157381567861	2292.0830080756978	944.8723022792706	-265.1514040047075	376.7477490480415	2014.8660404371706	-304.88301421898086	581.7251135974859	-426.91299234691763	-1909.8645231930298	251.54115792225113	Co
25.20267035429007	1974.3453629000887	-667.5506257168737	795.2442433702342	-464.3064269049755	-29.04136587760643	1065.0817565670775	-357.7394978429875	-201.73686817482755	841.4015591955819	208.34129566745148	1057.654814830391	-553.7419430072279	-222.30307760605967	-91.6312766831756	1457.0720812620455	Pt
1171.4833595944253	1326.928587366505	1112.2107697155257	-677.4253129623748	-662.6699107042502	-1090.98229301986	-11.53287165503727	586.1756997656962	5.179061661553248	-89.79477575982686	620.688267233337	1512.487965681469	609.1095882645728	-318.53187577095554	97.3090935566855	-101.66677518717508	Pt
2088.86091089568	2612.872444989039	12.620829227691122	-1000.9784979612954	3107.9278578794924	1759.2344069467697	754.0280580015699	843.6027150907563	169.32447553255966	-1896.4426188416326	-274.2701614453521	783.2915274230619	369.2559912845572	-662.8726011728963	2108.9652391443205	-1445.9845366924135	Co
743.2284264089114	-1562.522016177123	-3199.1390506286557	-170.84771261589535	6.886674894959535	-454.27366300431606	372.3578589115569	295.79156790878847	191.81179229870065	-735.2590599621655	-658.2532724304245	934.3261687880946	319.4692340263373	-841.7264458910008	-163.8404814919085	406.4132097442063	Pt
3067.5420871201095	-3885.684747345879	-146.23216817354285	990.600407912265	-326.8749882485207	-688.2763018563614	2138.7963502140924	303.33437113302176	1001.280621303417	-1708.0868626982049	-1173.4038112092721	262.6202011604502	-681.8050445201262	964.468073920052	278.7670718569443	387.8375660160463	Pt
48.407144821692015	1141.1381179274927	2748.193443800636	-1325.5039035135612	-258.90776537908806	-698.2414079650517	-1394.0049070438774	240.9646061690854	-1012.1129113212148	568.9383952680319	316.2687898901188	-388.80369743971625	436.7525008457128	-619.9261573116647	704.4173216366239	218.89158234559702	Pt
1810.9513371818011	1471.084899407569	1789.3042145695586	-1551.6495740458045	392.540230471774	1302.8171450454815	-305.1323028223336	-332.95266758686597	-131.2998615447444	7.0027830431797575	1123.5070705837572	745.6835560286154	-246.15446667679936	-630.5335614204403	-1195.0565115623583	-706.9713086592953	Co
-1253.1781091247549	1140.8890973251703	-594.065438522569	-1010.5590430097949	-1439.6696089854756	17.586902999752354	-599.4110282214956	517.8095458134045	908.666683232596	616.8286471358481	615.5424108924026	-213.70474808821783	213.95691235886537	-1012.0570726002888	442.81632028428436	177.66284845880696	Pt
-3988.0634632460083	2354.723420111055	-3955.0338884748803	-175.91852125636578	-357.3831700155379	1273.836477808761	626.4966742938125	-1630.3816497852274	641.2027172650553	138.11321346317587	-243.05264266017377	-721.8683835269931	-614.5212370089099	-117.13268974938775	-1158.0898804163025	48.14582824927631	Pt
-754.421367992879	-1438.5949742282676	902.9930387401442	-1949.0260568108808	-1573.9808798558136	554.1416717746887	-542.4520536619634	171.4146379568399	-921.0041992026178	252.1646636228036	796.5951812521427	-57.86586123093431	-135.0925489746647	-196.43144373293964	-877.0608539494622	-279.5719082157626	Pt
1690.9459806206248	-1095.9637275447492	3615.9812351337764	3116.596998503211	626.109211878198	787.9174705320386	1789.1438122363516	157.25423762041106	667.6334865114413	-344.95833675726976	2147.8476810736934	687.87151088555	-412.4502552219274	51.10653339334322	-504.15811067392076	115.37629614571298	Pt
617.1526267229615	-451.67914836293494	-3010.836441262017	1049.8603742350706	-635.7332832576042	-945.5843240086139	1574.9383611451763	-492.5302808836352	-209.63250479647303	735.8740247666639	-17.17098985650416	1236.306995811092	564.2912577117987	-1114.6395907233639	-1442.7086602711447	-1.9339895324035945	Pt
125.16245909824922	2133.5124444395615	909.1556376663981	1477.7930914568494	379.61113130852874	857.7291815617234	1087.8192475598812	118.7737656322721	-104.01536204513685	321.6216137696959	1239.3094625554247	1461.2623441445398	-746.4345216369962	-251.0557567960662	-386.3636840134491	1726.2601178747811	Pt
-443.12852659052095	-2137.808493248149	227.27420131781147	2756.145937448872	346.0909083878472	357.24880695710823	485.0385119913319	-112.9855117739096	1241.1774054605462	1101.3577367518662	-643.1638593017368	-944.1699260154662	-1113.1810188704815	368.2898514394524	260.06130565657	138.71271047432276	Pt
-3468.707594819096	245.1133530259728	-337.2643348274854	-637.2619334675247	-872.1970979851112	202.73281983182665	-1641.6801518861855	181.69550656463542	132.73746244214155	326.54689027654115	131.03975451931075	233.86378373344348	240.51276465176736	-98.03796649470478	-180.33097396547493	171.70678355425838	Pt
557.2039053285258	3144.726405772074	2173.2164809992937	4547.453768070639	-212.44921880240477	16.219712053499457	766.3712591614275	-66.87798345054108	787.2800251174699	-186.29316287159983	6.346334463354428	1947.4765303384715	668.9812272368847	399.0436812001098	1684.8028999329917	896.7670292344943	Pt
-430.94553378328055	2425.8800979862904	568.0877975735206	2395.3017045382576	-1416.9363642891824	256.8778030435494	639.3440786461896	-471.14805946147504	-127.72695052765464	50.0635450166256	-673.3237221213024	-76.3454531914174	148.3319242891201	537.4520900031044	-435.88204975976134	-313.1223112324968	Pt
2336.8618431442155	2693.5929046412793	610.1594470465936	-264.5621380216881	-641.6243134134405	836.6354704267301	-1480.3488938405706	-77.90683116377329	-895.3091534420289	130.25280615939351	-93.63511056091016	224.69235187512746	220.61954993912556	-303.23473071651983	402.6282243793486	662.5485388105902	Pt
-3871.6367584634995	-229.5713943824086	-323.76829206158305	-1089.215396661546	-578.7309048755238	-85.70927548685135	-719.0393635199398	-534.8341489282074	357.76372227494244	586.6774413556446	609.5563614334919	623.9031861427902	-318.0741263135045	-329.5332752573136	-39.420182284133446	702.9755092748766	Pt
-4838.8840826537335	1577.5879377140468	1470.328764998258	-1774.9442311290247	-361.5822729960578	-2972.3760898430914	422.8582024799422	-718.4750933068399	1577.4810365953372	-99.5309185988281	1100.0065002286985	-540.7808435703548	259.6410550627932	522.1713996047444	-36.309309029085455	-140.5305589775929	Pt
1515.7023091333474	-3517.5830954156972	-443.2567021001635	3038.6856911189557	-591.1589538919111	-125.44040222779611	1863.3741253226187	-52.84430798398315	410.4206461026119	-336.4789836418487	1221.2134003656356	-79.43038848618113	-1281.9833450757774	463.5638211857792	953.8521430970507	92.22540334245026	Pt
1723.9311729274255	2419.525146804784	1317.073247723904	-1133.3188451450774	3247.8236693666245	2019.2870122783934	-234.17185424107	289.23920442078014	165.9381508296454	-1118.5166824848113	2054.426133921999	-139.73839487177688	99.15960377768013	874.2286494788286	506.78637838530426	401.0642489776895	Pt
89.22964085483483	-2251.6767350870755	-872.8749192463014	854.630386475216	-298.8672984009499	-523.7479252533959	1226.1759924336093	82.08374664239561	-1463.8734127614944	-1813.711951939255	-37.397903075977965	-375.82961143871455	-861.2183861438536	-240.4052999281954	1124.226177136519	642.5146141610902	Pt
963.3317067795114	1336.948488890254	-562.9360067541082	-317.8655648755509	-1486.485722087842	436.5799745895342	542.2342396325622	453.0504356975206	613.210199552607	261.5244181279322	-924.429578247705	-10.201231697793398	326.2641368531879	-1534.5155454590201	749.7335069512369	-393.4339849036109	Pt
1185.1828105018558	-1847.7013143376807	-136.21227071322465	1501.8351969686396	-348.0366496067052	229.10626913202944	413.345360635423	72.43997987577694	1208.4808989518936	504.4982021024597	-110.57127971468576	-624.1381674440978	-1058.0176548463378	216.77255091057998	320.1997244925934	-348.4675326188648	Pt
10919.479121456117	5791.566789933361	1021.5413144034351	-315.46741755135605	-191.27296230034563	1146.4247191797663	-1205.2232132386061	-1254.8713241953499	-174.41855924819285	660.9026199775195	-376.5666536788066	-1264.7406421676965	-12.413328063453301	906.0482111814549	-1624.6766014222285	130.87413745074667	Co
-2757.1764854521593	519.2818838816772	-373.63408115951916	-284.27467943177163	-317.2609629384192	92.35565024519238	-1639.0421391784957	114.69616416508423	-95.35171621859227	-109.99285261959162	389.31784109107105	598.9565959411427	-34.09547879518951	-188.95334579544286	154.33400883728768	387.94452551183446	Pt
2923.801747399988	3051.359546559401	2049.3822509752695	2983.55066084791	786.3623282664622	986.1056425310085	1389.070053859251	721.4846040994591	-640.5604411936076	-1233.8609170470022	-812.0516043604174	1043.6424066831391	-1031.669747938164	-933.2114039225573	716.7033793805896	1261.013250983702	Pt
4516.344713253949	-1464.2183553891573	-555.6430925838694	-508.38893193920507	679.9527503726842	-71.41649514402803	-1274.480744406908	494.9263286941983	706.4869709679325	-520.7111708603629	-72.0283151696735	1064.12019791329	-1076.7597276830531	905.9630223892251	78.04447261805136	-209.11469715385286	Pt
-1713.8375857136857	774.8678733969297	-500.37997197417434	-637.831274650933	1854.2468743241438	-442.7485159438536	-716.7335338268392	1808.3828381116705	340.1747407302258	-483.3822040291139	-75.97426892413925	-455.1078486919333	385.93421683030374	-787.4781691385692	-255.90792800566223	-629.301031317845	Co
-536.855887441115	-1623.3051315444955	-990.9560518147066	-995.6731132407162	657.5640503495852	1549.447294300059	-2255.942571434046	-635.101825015517	-402.6510085984549	463.4933735103572	-604.0366562146265	-389.4674267111498	113.00440889826741	233.44457262433943	-90.2083964442161	200.57499799317338	Pt
756.4932222336289	-1088.1034886844548	6.986664838689328	-523.5344480807973	1085.481238531575	-197.5515613441453	-1903.4643021511142	-926.9546429598961	-831.5559391465141	-118.9924569448581	-556.5148613249984	-29.631764647395123	-453.77016594537037	-26.204368068862237	-212.45471105884863	27.409987882951864	Pt
36.06916211300533	169.79265317641918	496.99354095700977	4222.178156622118	-2067.228218424172	-1209.6083393135655	-463.78582016430596	-751.4658215554749	727.2849660539279	-834.1444132242825	-298.2637029548936	-386.5938053590839	1138.7487760605134	-686.954973566523	-88.73416655999253	1.5778115348088209	Co
-2289.8057563923912	868.3070618297037	419.0515731442974	-419.1291305759342	-137.2821379727769	-1609.9571477054424	-1146.5911442671488	-1038.7021752557978	403.1649554108427	-684.4005087460843	-262.55907954361277	715.9655135600934	43.36147892365405	-735.3544574940722	-504.36358142490275	184.14928953452647	Pt
-3313.4181009184663	61.668502404727214	-196.3800183008727	-968.0594885910016	274.8507863893885	300.36069991026284	-666.2929479576841	-4.014628008227435	609.9594387741893	-252.23439201151425	341.05591451680306	-172.55362860754457	112.32291826633448	75.36602013004274	-127.72209734567869	-160.86779112870542	Pt
-2081.2826453769294	1307.3098080608454	-457.3319886582766	-950.3526627375139	-1413.0745034119896	-44.89085881162216	-494.67272075244915	450.3561734112886	897.9928828312433	501.00465876200144	282.72986442277943	-442.54892968044516	252.39386239415035	-977.6058220739451	386.8165380513933	93.01161121601965	Pt
3633.646896218824	586.1033790286651	1598.102770915516	183.58124007033345	-323.65451135220894	-1624.1893456830003	-1697.2639049465752	-395.52232890226674	-624.8619116967201	-376.07756070273183	650.8333785694298	-514.5628839693779	1132.1102502691836	-5.693511942508779	513.9735045440906	826.5044573289246	Co
-2898.238916325225	-1641.3821939317606	109.9084351920889	-1402.656712635454	2916.2215678923926	402.226643355844	-761.5909033023671	-1353.6052745724708	-898.3027670159817	407.0992206834314	-416.5105230831715	1062.0041121813608	344.4498270453651	-136.30907756814423	224.10606275965569	-194.71271643156552	Pt
-5474.596036171074	-364.4551842158325	192.1711659326517	-1607.7841675598459	105.84877289481199	91.11222993183237	-28.864187835363445	470.4450656489965	374.1452342025966	-344.9824955789762	-189.6565552944108	232.1481463831218	1721.6213470131133	-633.4960617309357	-702.5328132607766	553.5604450282406	Pt
1205.1711886477074	-1979.7409760841613	829.9175071108627	2874.471724094192	1006.7976875484245	-15.605016835608888	1136.0740465240833	-115.76227667748192	-486.3242266996729	988.3197414003541	-7.637968545710935	355.00702854831843	-567.6889008210392	-131.6738760629518	60.98848055203065	-422.6247018099078	Pt
1554.2750836277203	-2948.63728654828	2399.213052701555	2585.8994001885844	1558.1154337002465	568.7254242940262	1479.5287802326757	-607.3210232192313	804.8304471588506	362.90406307642974	1322.6451571177286	272.29356458893363	-1321.7157868664779	-20.760592849797167	-144.9262713414169	-109.66390940491488	Pt
-335.89996105285013	3216.5296327591755	-1151.5851443244562	-872.6763768943965	-2347.8225308254837	1140.2799790792124	344.0416406269619	297.69312216963294	144.3549586388339	2.3308769754111864	-695.0878404113774	-403.85912907595997	-73.41757400647631	-19.91513164747777	92.28918854904556	342.19249576978325	Co
-6913.817309547297	-808.9430586604961	-155.10852531829937	757.164101516381	644.9305394380841	394.3099208300171	-71.90101540254368	16.622810264279845	-208.34581738368126	200.9154581039501	107.32831289655417	-320.7483023365067	-1026.1534118572913	-144.1182114358333	6.500764583453494	-376.931247072683	Co
1132.6115135391588	-3269.175875411176	-36.94482496243261	-2027.5271337280371	-392.82697062932755	-806.9511004616622	1041.9546471839794	1445.847573787346	596.1992943698071	748.0147104646062	-164.42379654452463	-3.9854975715790832	-585.2437640836548	601.6172464505677	281.15730281053544	365.7999575232309	Pt
754.4876154163919	4409.370642524931	2623.866419790382	503.4241075250828	1006.3378185911906	655.5435312052873	1031.4224906126476	195.65302700634737	-765.115936506262	873.1511418731416	-1438.1482131683706	-1100.0970959050126	-550.5371381352892	-428.831770873379	470.44784351139947	-141.18390217132753	Pt
-2967.4966390393515	2069.2910314620353	1194.3825608763568	939.4589657364957	-51.56299481196986	-103.25113583960021	742.6984423122316	-152.00398630127572	-237.37312831833023	284.60340754677054	116.13622111239447	-710.5382589855055	-857.4922779431265	-352.6111179179556	-415.799967582706	288.53558116529365	Co
-1027.1207660951313	-420.3889243886721	-1130.9672121298727	-1050.5804924257213	-858.4740067904793	-2639.401448711636	62.53786644335554	-231.6653188145175	-650.5843637725361	1110.885511806287	-572.5901260306691	333.39608730215895	-53.41388745008658	214.49291788300278	586.9887137226377	1063.463145153487	Pt
-2208.634436925819	1989.6754084887427	531.6149042832012	102.179827543327	1593.1170082185554	1209.4074264217065	-928.7470857002185	133.73625662366408	-212.93003425942052	-441.5978239232914	-140.0692737390232	-1121.7595093050636	-20.659225115125214	-88.0686870560823	-234.62182467540794	172.50302752063436	Pt
-5387.924968436176	-749.0125561779303	1489.6892733310108	-2188.8995239174938	-310.836933457777	1602.1639911135783	999.2889233438301	-527.6011103460041	389.433439034481	-391.6913767135989	-638.4666494287544	-291.99669855917506	75.55548792029161	283.3672154669789	-773.1383611831913	521.7031600707875	Co
191.97854069237673	2796.822166495624	-665.8661976697115	-1482.4881707534669	-2471.422655870331	465.7296854252259	1424.3704528625397	176.71747298703713	311.3978525989425	821.9207430303679	959.126012205256	-332.5170916888727	-664.6483660227609	-1153.6910598638733	-35.2264047582292	-147.56557111228034	Co
-406.64790378888256	2972.0788558832874	2090.089534988903	-1597.1317070329906	-1955.8193030548273	-3429.0474191573626	1312.9449620856954	85.45905433874815	427.9303378570464	-202.45015741844486	227.429277440073	-282.2412633551817	95.57557324075225	625.1681424679417	224.60340730552716	-370.0230172330589	Co
8488.384265448547	964.8212855637503	-1634.623827119477	2583.9134097423644	-2984.0668788586727	1373.3652510753293	1209.1045003731992	1654.3804916002468	-1530.0854268231783	-1668.7914953816583	-694.8119321028283	-1665.5065505897921	893.4928952835154	-126.12411475014453	-520.0172852190234	920.9096888754536	Pt
5530.592205702138	750.8216536727667	4421.088707101441	-1991.4417613536316	788.5577805299622	1399.8099928972676	1548.6306999391904	-579.0299214370465	331.7320943204584	1164.3122164933575	-12.015124727131102	416.03591783876533	360.1941001428324	-872.3808496947933	1066.030255312497	-393.79033198520284	Co
-1854.8571865736817	-1131.2835333900491	115.7042216476725	-1898.2930806979684	-1729.4324611398933	390.00928213289876	125.5754749893111	-1110.7062634908846	-646.7310202754306	356.31842557989035	-414.07955398998524	-554.7553172418408	126.43779859655139	69.55247929937953	-15.762045605955704	-109.9578857338445	Pt
3083.82622731848	2298.8449087476956	2177.838919242198	299.14326967345335	-410.2783001039041	-1157.825046678679	-918.358301524198	189.39082125377314	230.54741889626166	-287.3873872393763	1373.591642544355	1013.3017758083633	-1434.0120897487084	705.2137037982015	-549.4938824337756	333.9132745017841	Pt
646.8863729737452	-1876.743876270266	4072.143693644182	-3108.852720835046	306.6639030563809	803.2861201195533	1519.254543763551	339.6230429443112	200.56641479282027	1444.5639927698821	570.3829348068899	-299.5428332226191	638.7456700411622	-10.382296132849842	1386.5992947464638	460.3662022692442	Co
-4602.718958106165	-401.2190004989797	649.9235854142141	2101.065228063491	-179.8939072366192	1021.0132604244056	1523.1156107940883	1471.590604106196	991.977666245182	-592.1273457153397	750.0981499217784	1380.6292564403761	467.0009433605031	167.43048693793355	666.1617009361323	1669.9528086410564	Co
-1945.695054819482	-373.3945488099808	927.9259823347851	-75.39659473671709	-342.64922578690414	-112.56595128283861	-1303.4076881139233	-499.9542028966442	-122.99910159574765	238.496720396017	607.1266344606979	-182.13891775793022	787.5539222916321	4.818488181955597	-746.9774564975902	129.20817032907846	Pt
-2162.7017096287823	-1587.7539958578986	-752.8720072986526	-943.4231674396948	322.78927659309176	-186.23296960259322	-544.2795954827293	-353.99643992600676	-176.04450584278868	-218.08358268177662	761.2995693639297	-763.2713180159176	-32.44525903689416	924.0584951956807	219.8020585180594	-240.3121307050825	Pt
-3294.6477082999018	687.5070936915989	1067.0799706283206	763.8190520462513	31.5111099248624	-527.3877659199292	702.6737017863128	329.11465406257014	-1253.5096442321933	-1136.0607510659302	-241.80573249146138	513.5083792588299	-308.733127138837	-297.69628528990916	176.64489030582303	314.3965910077779	Co
-2367.3858928157947	-2344.2670850154836	1029.9200875706601	-94.80350747993872	-734.1550087024087	-95.95767568620643	511.9434779341682	-34.27146840611613	-524.2493429495679	-16.830951902085253	517.6081763001658	-1398.917051827198	399.2981810765831	345.8368892399314	362.44839186878437	-69.92159796053672	Pt
-2135.4716818703423	-81.30106482389604	28.219918432979085	-767.3717341564825	26.40276433277165	-172.010293750218	-963.3373302797527	687.2750067356371	401.30061372896654	-171.74834315569305	-7.548127304020712	1139.7820608617583	-163.18615096044292	284.3955403760525	18.582432966900576	-227.4220383286548	Pt
-2647.5440875509685	-2780.0631707317907	1721.933018663349	1658.51899646771	-620.1180618581894	255.45763389884056	132.2630569877171	132.4242109831741	450.9552409420745	230.83815696764188	-90.04875454848803	-1171.404459906395	391.55988349498966	390.5319128607991	-15.405227265424866	-466.2798893902209	Pt
-5585.477626402456	-1269.3059929603214	-1183.2575322010052	-2259.420955417361	-877.9826854207112	-1391.2612198075892	1294.0707068333397	-310.24726342913124	-642.0591791552862	1088.7816238889923	-117.86328437368388	271.6007401077324	-225.06140330394138	-52.85273815766054	230.03218580790684	227.06950266666638	Co
-2193.625788843486	95.83914703402887	-1745.670925922382	-653.5650847455657	673.3332538396727	-1282.6158805297841	-755.2857878959809	159.35967844690748	-1153.0880762035627	-194.51148257876793	234.70156608428962	-296.49464253374856	-663.7879345960997	458.52061528646686	1113.167176910549	-454.33216204972825	Pt
2745.393167297029	-2769.783471575842	-580.0990122871463	-1505.3819486612508	-1150.2857906725221	-719.7538987888638	451.09748020819137	437.53461138524847	1061.6679723448499	44.89515695334817	-320.9867679878571	-216.46228491933277	-405.8908659340611	737.7199537662964	-104.50336933834555	507.656373597102	Co
-960.9069320447495	4015.413608854194	3641.8192540847635	-1657.1828696948994	-220.92734574897892	-1517.6309070113223	673.327746987624	-35.8685571514691	-260.1504794438445	629.2984642132742	738.5878360232394	-331.8319403485574	-132.92366330981125	1644.3595334045312	542.265909193565	600.5917136576662	Pt
3337.186050517896	-412.0760063557139	-112.84431165326197	724.4310536615086	-869.4520705191052	63.93543422014776	-1945.5839791676983	277.8720784978748	990.5132815671559	-1315.0225376234896	1064.1955958201029	1256.660099974336	-1221.7636199773058	-740.3098062549685	-455.3145146733904	245.14314046497446	Pt
464.1985307117087	-424.2850075953042	941.2257008479825	-1470.9699189949526	1539.3828648069193	-2598.667350940549	-470.3689494335197	-1362.7505688760507	369.1989936806276	-514.3365659508621	77.3952486443989	241.04879059771045	932.2462520788624	728.0793939381857	-182.38453744707263	50.81497193389841	Co
8493.101191519576	1316.5286143308626	921.0680382220356	1858.824473929352	-1043.1057928344435	-3245.017023259792	4247.3121568012975	-3057.361629926086	1512.4571861864288	-1633.1756873839736	-339.4395918359265	-1491.1915870173107	2190.526359286492	-419.26648487810064	-1006.6844838643516	-1060.1792724108186	Co
1151.8184273787663	-622.0683644134355	-912.1418063608345	1024.7375054268387	173.06058614214092	981.3407695343623	553.0660492245935	3073.181645232884	-478.8092477530551	457.16555871431643	187.13960050104868	-1724.9559670815677	1156.026209493209	984.9565669522093	700.4046413083285	2079.3122453549868	Pt
850.6212910176705	-2361.3521510170676	2273.06067829926	3355.309588480461	678.2152497273845	279.11675660306094	-265.6124985639363	-109.91742846940711	-882.0802503456473	961.2640493947378	637.0883768708281	895.6426749154485	1638.7287872446711	1451.0600142081207	174.78248305634162	-1716.6726351957057	Co
681.2106754506453	-1332.1931175540915	-2201.276448595665	-1489.6845606795086	2936.7931550289572	3903.6823939230385	-212.62321238307374	-506.06376891451225	-847.7605043216889	1912.198594073502	117.83836618398267	601.0508932354936	-147.29973981997156	144.39843657871378	156.51214283478487	173.29428976698256	Co
-237.44719913144831	-263.533984951871	-597.3106514991968	-1398.785290959821	274.2814491909376	1199.7762729642968	336.8856461354529	1917.9213693946606	532.2443953561158	1211.663847379876	253.26391979096516	446.30378408607584	-892.8889955057646	983.3007103426305	-376.96888424867956	414.9881069464439	Pt
-4379.600767545774	-1826.9247903857315	2030.6762925786813	-2741.789598120534	-136.03126720842744	345.7917044455247	1609.8904404802781	602.8073906389687	-563.8751338482407	339.40844760899444	-381.64948805210213	874.3836383920116	-122.00609656767557	-799.2047303983328	-464.856400979972	-577.5742001041313	Co
12121.780752750243	-4050.009068466883	-2415.8718339055204	77.20690257279277	804.2561833562362	110.84023632683352	-605.5875112767368	367.49456531977097	59.40069381074709	989.5700575642825	1531.4932245801083	-614.9869895198722	862.3912243715816	-560.9795104505363	910.5125234255838	987.023333184243	Pt
-2088.3929023334927	-2325.8662903250447	3160.349907568104	-1667.102918401431	430.63385075459547	-1091.5504263754979	232.48995605360358	1400.314065351604	196.06026676958112	175.8362371828475	-1124.3034627157274	-663.8681703501719	649.6522094610995	-644.4736349693824	1207.0005903290933	194.70786832547265	Pt
-150.22683458558132	106.67233390660853	-727.8489018364127	-929.0985864588229	-1400.4024578650167	-113.09117871906777	-392.31609761119	177.9382560350681	1039.1884205165222	-153.41993889955816	-1224.4185930601225	505.40163688061597	409.9164655838952	-822.8986042909024	-1275.8660631122384	-319.6916199436466	Pt
-1484.1806388490377	-3465.1917595782174	876.3839439731354	-719.5446817582641	3616.1528714567685	-372.06196722566955	-1091.7506544179646	-1153.1257306058442	-311.0601008796036	161.56282320868735	-854.9777901627873	-44.60692881825885	-364.20860364188087	-651.4916580512971	341.47351808937617	126.51436008565365	Co
-2448.8152865599036	402.7843756330726	1255.3429882213995	-1154.9108205232033	462.9335931537128	1414.941341926502	-105.84825727215875	288.0849227504677	599.8451046616293	-789.6977124684123	-1746.01487156072	-639.6679787028057	245.03041339116234	165.7136965227779	-892.6424095066843	94.47059775834896	Co
-46.602903427446314	4702.713704343912	-849.8575369306213	-1866.410797133771	-764.8607300320995	984.0839131545666	1489.8786710402603	-1205.3836140343121	-469.6822277341373	295.6026886536868	-1177.6351532979265	-325.7328771669923	-675.2993591145859	-252.0276508518996	904.7044484956422	-793.9439519982113	Co
5300.077117868913	-1816.155328841711	2613.3204045812786	-737.1024665045053	3680.445710791137	-1470.75640516231	-507.0521849402452	-3107.1828827369905	-898.5320415516428	40.6515041449905	-1173.6928024162034	469.9734392307289	446.88346018918986	0.6162633093189521	-95.6943773497756	360.3097409685031	Pt
-1144.7648251266207	285.43521997533765	461.83076433770975	-1336.9528663479462	341.12648744160225	1472.0918385209802	-636.2929091123286	23.41843021826098	-541.4874145353181	-435.65370175072087	304.62797237029713	-286.4934949986639	712.6689402450385	-661.119924012049	-47.37760052136488	113.79826065796263	Pt
5487.918294800829	73.57022645838371	-389.35742710620843	-502.6554600267963	176.48348384762315	281.80048579954274	729.9146891741179	-414.3877767136171	1265.745471758173	-1351.954616086765	321.3925227239473	-461.47207385826016	177.36430580585386	611.3456281931216	-367.7128283965709	-774.44021591503	Co
-2953.025927555382	2450.0856744041175	1037.2279699919557	1979.851349426844	317.7452377435768	928.3072274390463	-458.9716573675794	-11.06884273789529	-1036.7402466909336	316.12608947402356	222.96455578933745	-782.9966835281317	-108.32517387686919	195.16053332708913	457.2987247491305	443.9850068764781	Pt
110.70578225656234	1976.2087568318254	2318.2637694793516	-2322.862754515328	-311.62942002658514	-2913.4421928618162	658.5382641747623	-1479.5292329492831	135.82728382021267	-494.1774394970949	927.8143923296914	286.4185237833003	1569.4493742203929	604.1265054376283	33.791713075497576	-647.4213498257812	Pt
-2569.6525403109395	-541.9446229453032	-826.4324394989234	-1271.0209091608895	-950.0473899948857	-1447.4249206355796	-280.21815637078777	465.7729556135723	371.9776038707782	1039.2196354016528	-506.5072729130073	-438.10220345315105	-474.49339887083545	999.5013430422152	-732.928421430197	-385.8631398425094	Pt
875.0635726611483	-2521.8507284086304	1416.8464147067605	1965.4309926056458	-2896.26762176791	-123.40296811906617	2075.311208216421	-402.58535004807743	-1020.5193548436305	-977.565862909894	1597.966263033113	113.7712116402472	-83.51037601104997	-1032.572213331402	-1408.6457664016732	798.2296090405283	Co
-327.17722607890573	-1245.8038415586575	746.8677633688654	3710.863669432706	381.17503367653563	105.6372091791265	-1099.3967109576893	-480.0734230495813	-492.3782653022257	143.49195640848546	278.65613722571305	-57.65070698851286	-369.12735809159227	195.58482618776566	-128.28732323641896	108.85935992757969	Pt
4011.825873758841	1673.058264504105	-4508.293345773685	-1435.8163240089289	-831.1996934416201	3116.042597861431	930.9742671737723	-1357.8519746704408	399.08985585811917	365.1195804352937	-446.306348140457	-532.6684185355446	839.4021032448633	-1369.570478821956	871.9243776061548	-719.7778559032198	Co
524.8543758316233	2526.9008954156066	1791.5493603521768	426.0892328354069	-1046.8150877067699	-853.0099472607709	615.4368454918158	-16.45343244832951	-9.34280034065191	-309.80439442081223	-1451.9457991292443	-1267.2474410334544	241.4087840595556	637.4448091068413	193.84589767041786	-231.71945220925915	Pt
2716.883291900209	-3786.371145745337	1299.346554634421	709.3707651655051	3702.9098198771285	695.6157759934028	334.8327063634657	-1445.7278454305422	154.02847310565954	1086.0267926307656	-1819.4237929122587	-1254.4462636237313	-824.6622055656046	-1304.890497616354	-32.0455253631902	915.7520081692566	Pt
1221.838643494161	3861.327046155437	-1910.5507859236186	478.6930675128374	3617.9408776681353	-479.48614973498235	78.34804600896577	-330.512595215214	-218.18767655763966	-384.14109822457345	-589.2761343204595	112.11849549465171	486.6057145441208	229.46232608160867	641.8996568819548	181.96417942099424	Pt
-4490.361109337511	-1910.9473494867054	2388.7689942332645	-2365.192799753191	771.4205171894695	198.03842333140003	1437.488156788723	657.2870996351428	-482.086082679967	430.09963926199737	-916.0382703713979	1186.6067056600016	8.37025643073409	-236.2710603832809	-521.4897111342988	-7.371272609553414	Co
8400.498094958648	-219.8719665565345	-74.60674823248718	-415.48560635749357	-1339.0193962975588	317.4076964515654	-2518.190015703487	-159.15591990171455	-839.3966584772609	-802.898993214605	744.8897136446179	324.84030977091106	132.83658682677597	60.434080894882804	-993.59801317746	85.99360927026535	Pt
-1082.3994733482016	-492.2866542090679	441.7574974579639	-1237.6861271801008	-607.4944089976865	-209.71645962871392	-970.1018167934695	509.89784704555876	82.34572507727323	-749.3337330677285	-504.9454639961908	-155.57677513271685	412.59597740940615	104.9573988632035	-197.73948418103186	-263.3535992240874	Pt
-782.4274061257235	-1689.7417374290735	761.005674205563	-2029.5012106765332	-2137.932552276447	211.89908795393032	102.8693873583	-108.30651667822363	-858.6015819203806	162.72401845496972	456.49612604887596	-929.0748188173347	-469.7971889085149	-396.41572970203094	627.9262249319206	-713.8012324549368	Pt
-3004.9159974315544	-1637.332831156141	-621.0690774945735	289.8275185888823	-1847.9668780043487	-1143.221268195669	1179.4917213232138	-788.9797545168328	-1170.6750567226306	439.8120412741046	146.05604443713742	-403.115760409178	295.6465625260536	-225.97652791212244	738.3623069804081	237.17756093882525	Pt
-2161.906453166178	32.02171049678991	99.69077111319132	-1664.0001103037164	-714.4786074971715	1624.5587155892358	-621.6392610798606	-1529.336928900802	161.21898404738445	82.38607038055027	818.1345735496501	-17.817059775974496	384.0523156154654	84.66446960921553	754.9875482367316	-295.46965622869374	Pt
2422.5867299220745	-633.1950785475897	-4813.407079658031	-1280.4881233510578	1036.6153663595874	2247.449074882795	554.0282321079021	-1332.2828401835911	602.751219598621	201.75834137292108	1732.0118533699172	-637.4383901533654	989.8097737660066	-247.7741808085192	82.08640739278759	206.55592229429942	Co
-188.45484402673654	3134.3597502993575	-2221.4637652743168	-273.2253545722798	3200.745589108245	-3334.609286135335	693.2212880488593	1811.7900970179007	-611.9629188363099	404.6265049104904	827.9242263689247	-243.35619773421004	-249.78525978208393	-322.52932588421265	-246.42770021593964	-513.5060750097999	Pt
-4595.001189318446	2406.3649842343398	-1030.0415662122793	-1294.4686501460342	2448.288314580127	139.45427987614582	1035.8311397807263	-787.7113122269626	485.1741496804508	-64.85635968569957	377.89518160917885	915.8250631273793	-435.67591118553395	1008.2883206048638	919.4822314611301	-44.85390841778723	Co
910.5981156433079	2348.214333295745	1332.5189943261012	-1582.2074393262221	-309.07497005630216	-406.37123796681476	152.85024261412835	688.5408210733159	297.28674658684827	888.7254611455628	-1778.037925356231	136.68239627820267	259.2491763439859	298.9500732293773	-843.2145837268076	716.0148339657169	Pt
-605.9539008857533	-1771.0098597825865	-1484.243127778133	-591.4594685612595	-1077.7417430196824	-1526.5239880379402	-836.8815446461379	882.251444095601	-1059.42025004351	-1167.158699818011	-73.59429553676041	140.68254690073658	-513.4004552506124	439.2878363216408	1891.5839905536343	-976.1731499917402	Pt
-2443.269874728978	-597.3426821591199	-398.5271964783981	2119.8750824506296	-1527.3497023908978	-948.4223167016298	-138.2923070043212	-42.77317965221194	-1413.4568363478509	77.53780286385573	-1148.7323263334317	1252.5410055626573	-772.5583302690285	-486.18815356690124	333.8796636537406	-821.6173753214347	Pt
-5799.644138543796	-40.37871956214422	573.2443461813374	-1749.9871902550487	-616.2655357820379	2627.483633444837	1585.7220370239784	-2169.966052655044	1420.291498574727	-1605.9736205450233	51.185926239587864	-801.8213263310508	542.9026904506352	1637.6022726404688	500.1118749362354	739.8646563498845	Pt
-5799.644138543796	-40.37871956214422	573.2443461813374	-1749.9871902550487	-616.2655357820379	2627.483633444837	1585.7220370239784	-2169.966052655044	1420.291498574727	-1605.9736205450233	51.185926239587864	-801.8213263310508	542.9026904506352	1637.6022726404688	500.1118749362354	739.8646563498845	Pt
-2945.4909167003043	691.2588829796623	834.1909284463302	3038.1604273220355	968.3808900173217	1158.7444895146186	-492.95233462644376	925.5877577928759	157.53882460043621	-610.6212491818432	1272.6910784462934	316.46361896824556	-269.4493196481452	-659.8127086917056	-68.28698716385375	29.231561933576906	Pt
2575.2260257806947	-1706.6771936936334	-1377.7459066423762	-1466.3555958148686	-2485.440314006937	-2272.5881759514746	-49.90031540773564	388.5765799038855	-682.61817675745	179.30592771269357	-687.9800575820523	179.35846147014118	-13.472088157512678	-256.3679616897376	933.1701783840023	-115.6964348483671	Pt
7195.748650234003	-1797.590272702108	-1989.2378995336073	-785.019806255499	11.331444469846593	1081.895737838036	-888.1765498174892	140.414372483093	632.4758479226113	414.42949153649255	744.2197625062463	90.83305216345651	-244.37872330878722	51.49011505997109	-60.182209488406954	-170.1841574923627	Co
-1141.1519447238225	-959.2138802795623	953.3299290308463	-821.5915485192079	-370.927270024312	133.27841973368905	-470.95846197022405	809.5135908568594	-1405.8787885209513	-1187.0009449612135	887.1705384305203	524.7480566595435	-256.3663134194578	182.94002173252613	137.36195507688882	-475.0801060728252	Pt
4288.252839199969	-353.9256938850227	-1246.8598905743702	833.8856923501304	-1396.562043819137	254.54206567535616	-805.0482165094127	1008.0294026146701	555.8105926230213	-815.3104755614592	195.72046141516554	940.3969396378258	1052.5184028916765	-208.60196642232077	301.65439768853315	538.9989615077544	Pt
-1664.4336023544513	-832.9270046918524	-2142.4940362267757	2441.6000408169766	-1323.1454350467757	1425.2630658822943	-386.8506451081842	250.62283516385008	-306.84747452923347	182.95598293366575	15.919748184628567	-1441.5779880313314	-238.0570963093926	-69.8815051831547	814.9289015105267	-131.02890778575164	Co
-4892.1519297511295	409.7766414445924	1919.4299341810986	3384.4612625791133	-296.77779215776366	-315.5596408283576	-1606.0290305687236	-97.93250595507179	1237.5345509304507	1589.4504440932374	-559.2139043211391	1701.8833762682993	1135.2137928572388	722.5199646503872	907.9242928548173	-590.9877178801224	Co
135.36257501056784	-1946.435481524657	2536.1497214197493	-59.57464185234628	2182.933328794496	-1479.9074565030555	43.439999680639026	253.01571599986934	772.7949865484026	-74.37861451264247	-1486.6080619348206	-518.2872359432606	830.661063158305	490.78010443126783	78.52084063697339	636.0224479877922	Pt
1492.0111983783545	680.1012497586559	-818.7311538332887	-1604.5868018101835	-1933.2693759961912	511.1224254991883	772.4652409343354	1752.4686181244942	-100.27813406525948	202.31007494588397	147.99134919096397	-986.9965382071568	1099.315430397186	-275.3977080067242	580.4365193687505	665.354404066654	Pt
-2253.2773045740605	583.1269145044162	292.05095383638303	-117.06386826310211	790.2137064454339	-1137.2543665867604	-196.79512675983958	-2842.6223359694527	-149.23017018044803	-1026.7822816087544	-634.8979140339877	806.8012381603573	-185.85737009895624	-1051.4483357839067	-973.0299582949117	409.25986864042693	Pt
-349.61721649851785	-2248.2764136939145	241.83310988788796	-1035.7701119646172	-693.6469599031478	-357.1542018267872	-1049.914594717072	1281.1173544421251	-1601.1935312016017	-1495.4874005077322	1065.0742515340262	-275.2170007383029	-282.9305418433443	805.8315960992314	-137.93447535292015	-1153.2072244071544	Pt
-2871.044885118678	-293.0203326477491	-330.1675571382985	-355.89429971031257	-711.3388568851441	-448.20430365235916	-1006.2643771232301	166.35615422251908	931.5522043171687	-681.8991045309673	459.2404524977942	-160.4242054222324	-134.18265250304702	-999.598503173686	-106.28390328182876	10.513310679788736	Pt
-1340.206296274517	-439.5243273548071	3045.053219942959	2150.616644058967	-273.76592416613397	720.4834303842296	-904.8434393129551	860.810465115919	597.2630632228419	155.42382987015435	-12.61271856784646	-126.63964417920667	542.1681427113408	143.75797820992318	82.43650573900483	776.3104916487134	Co
-2040.855151873474	800.9206607987775	147.94666416343375	1694.720607235408	986.5250793230784	535.6974224747257	-1003.0939533578819	1358.3687237208712	917.1372011392857	-816.6084460361984	-1329.3125928669212	-16.169590545230864	252.29914058272473	-215.3349783562838	-633.3445327299924	-155.3270845053914	Pt
-5081.319558091735	-694.25189038302	1944.1074247233826	-555.3384257325622	-54.63385448467831	617.5621165621185	114.6317246223377	457.9328654090115	-365.2978550279158	-72.72670487272798	-617.7913610227962	-510.7189462882053	221.71428965377314	-285.38270338590496	-720.0261487423109	323.36425664928686	Co
1551.8199837741445	-1709.59725174485	1224.1597533641736	-566.9499544481465	1286.9490045897467	-874.3805584348485	198.0194381274062	1275.9387422066968	181.0804634455592	-871.8070936763814	309.5969215348803	1594.8696143617788	-805.375615838787	593.09928604148	-438.1292198488049	-475.09870964371873	Pt
-1943.5502009181505	2873.125530974679	-1094.3675934415874	-933.1269455876002	-1210.1994566116907	377.2991004278662	2832.4221253034552	42.29810024828969	136.72302350404183	432.55883987527415	795.6844524147084	42.821645389944194	-493.1978941484342	363.91239320043877	-472.8555260405875	-231.38511448748764	Co
70.13205750009654	2644.874061555369	1210.5126593420991	-700.1944264418582	4.923718218335815	756.2450251961359	-1175.299175989727	-699.2951597006423	-987.8199848935253	-31.89383336291849	1003.2218021778718	12.633331291335237	-754.1067742116288	-266.41073090768106	76.97487180511494	272.88694499044465	Pt
-4802.966584084418	3381.971178433133	-1391.0098404366697	612.0077149047825	-221.2708945089695	-760.3155991926648	2384.234301716709	-1404.6325095614259	-45.62941217925979	1336.3329856173389	1176.8880066932263	643.8309411532948	571.7221611725892	521.4354502288403	-973.7770269639258	-1408.7342200880387	Pt
-1287.5807190392234	-931.5147006245844	-71.19647862622817	-1407.3970425670143	1074.0794152519734	142.5057396330385	-2023.8129777691595	-953.3898075981995	-790.2258631536928	16.0039966163323	-234.70130313633794	1130.930339130828	-130.33376729259126	71.99749336793194	-237.98766373165384	-522.4230415997306	Pt
5042.390802815491	-13.85085099183282	-4711.493094149479	114.15739670238847	621.5151079288466	-2713.4827283761406	499.49741408967	-1087.4231438858542	576.8753695214102	52.42629036673649	1020.6462216641672	1286.4460422231555	163.82793823686714	-927.6789172607009	-387.2869746130646	744.0075938007452	Co
-2440.6267183862396	-3199.507797798083	-1819.6600512149398	1270.5176001032098	3457.930986902317	2301.5925375917172	1730.4673344353607	-130.44558353294147	-1785.6148450292726	419.8100590822073	-662.8200812842722	-160.00729648665248	246.23076826120055	308.0208009656367	-173.27502837845776	157.77765105509906	Pt
2680.8277942386644	-394.74307561648027	1024.4072320878317	-1532.4582638709057	-167.436098269562	2378.133494654529	287.99238535198975	-976.9747096068753	621.7329000421926	-1699.1726244399092	130.5833917075995	-377.9887539841987	711.2789655303619	313.2030413939277	162.26019028376405	-208.8789574202674	Co
-1680.388158999363	397.01633002115307	-494.1731355369858	-680.8319763622611	-696.1445100895334	93.55035323258544	-1601.648801672791	926.3196574454615	462.99721582769007	-49.745590331312044	407.1237924837919	5.678178366104013	1026.7655065224626	-142.6992429944118	363.23429517995294	333.668505409963	Pt
3518.3769115635614	4890.483306783769	3177.423572202325	1341.8806928840056	-138.18888537344117	-187.94799804144097	1243.6136600282052	441.35377318001287	-848.8705544764523	-727.3018901017693	-511.4169446725309	-822.0338961115664	-2094.384742779629	-689.1465685469257	931.515808607639	389.7879481960101	Pt
-2584.789768086557	433.5996107130615	1133.3142323685572	2927.305526493266	-300.04759634900813	1241.6588767206374	-658.7923962847993	854.6413473665189	2070.354261908115	362.626308508571	-483.19294944567537	350.2942279693639	362.6105461813217	167.2114256006494	-466.7249433589405	-447.0616486252037	Pt
1404.9432408136206	-1819.9437540552312	-650.4094709974178	-177.50443464091785	-325.365251574422	-308.1794691015442	561.8806373520279	973.6989018523115	1152.6603986004714	-1576.8178314414945	-1324.3764970370387	1528.5816605342643	-1036.5098143726361	652.7622899854775	-155.0040398050337	-164.61262817330768	Co
3208.6685706775725	-1606.6747920813696	-325.5271818515913	-1758.520747003072	-3053.7703801625626	-1280.9546731775972	605.1393007444898	-919.8629336853253	-873.4214008386106	970.699539154072	177.18896344706317	1280.0675519192446	-754.1187901898207	-82.33737555612865	774.289376432166	469.3311207463303	Pt
8060.3466397291895	2482.415021587469	5948.477744299958	-2660.9643768998767	-359.07461790597495	628.1945527630279	862.3421532537898	-664.1770931098495	909.1123036279345	3200.3704257201666	-931.4998260897354	315.2363336771782	-279.3935598713941	-1214.9636393554385	2039.8744539902168	-2042.832830948968	Co
-2189.711693974461	-267.05117576734455	1281.5416637991625	1949.882370144017	165.30137298206031	-1058.6134609394808	1594.4633279830912	-1756.1020133558973	-1104.178068499756	-682.3362514752225	296.2312189450561	674.5459448013823	398.69849508349944	208.58368982111324	27.23318925796071	-796.2934558918668	Pt
3149.0064186405257	-2965.834849097004	-492.0390336745664	3681.928742757628	-1851.0848213895724	-237.73087157175635	-1006.0841371126767	167.56061673842126	1498.720606904018	1468.2844910739793	26.951281299363544	-1311.4534054663793	131.52009860218246	-827.8181570539335	1152.5027294018616	-924.1805026912095	Pt
3381.4349813909553	-304.63862999842587	-356.35141145778266	-1059.2874191452836	430.8130224587978	987.866189030239	-895.9829481670121	934.1388442157696	-1416.6674652631466	139.10319665282074	-58.55969251885065	1116.7737165118285	-95.28857841395741	622.1606827617654	110.15960736096922	-49.53240291421219	Co
-2818.170269509867	1455.9183580261065	-1497.6576462366286	-544.4608170251292	1330.1238941863419	-214.0291943672598	-564.5206682781866	-151.78524871679883	-53.992650880318	0.5952202565087505	242.55089473823926	1111.044370009819	-552.3007369330968	429.6015364252648	-217.85284001830223	-257.15883020612034	Co
-1864.85827672507	89.05462870858223	-222.0556018009323	-790.0255126540862	-904.7661286239014	35.57002995438129	-1921.825426414347	721.6380987030966	531.7263253459862	225.07316850376992	-234.1457639133066	378.57811826452735	629.2221009035246	396.09359513685	245.70983382011133	-30.86832066141786	Pt
-413.94387316168843	1336.6115172871127	-1561.902601488296	-1004.355238007596	-359.99173361078573	361.3331943380922	-937.8696187998473	-451.07990464495276	-79.54543147771311	442.57011416981084	-696.4362725230593	708.4716522960284	913.2745562800468	-535.611712528797	-436.81532202284126	476.7981872547173	Pt
3495.3026460346573	-2668.6800275970886	-1297.5055588737691	-717.5602368936651	-266.08780417351755	-939.105189334934	-495.5862344387185	952.9309367334713	993.4983141824132	-10.159563450663654	517.1814309653832	-788.2370460653583	-213.3233712139106	1601.455755150273	-99.59668859238325	-480.76266947636793	Pt
1622.5991586965947	1641.762345444681	-2471.1196312883153	432.77810495959136	1682.3554312627684	-1580.0006667876423	482.2581886704794	-138.39810291739914	-1051.7524636129417	-317.9023597996285	-1085.0477260272157	-108.74059456848025	460.26297735472093	276.5004761088238	222.72137024707854	-828.3319615901901	Co
1060.7123147385453	-1034.2832677755775	492.78925419045055	-598.096228461319	-535.957971927965	45.64975218949892	-1262.627456706979	261.2455671315863	-610.9368404792763	271.8474254692752	1564.8563916270002	360.0778996077851	130.7083584271382	-917.7548196390798	235.03657088507742	105.53349955981818	Pt
-1253.1781091247549	1140.8890973251703	-594.065438522569	-1010.5590430097949	-1439.6696089854756	17.586902999752354	-599.4110282214956	517.8095458134045	908.666683232596	616.8286471358481	615.5424108924026	-213.70474808821783	213.95691235886537	-1012.0570726002888	442.81632028428436	177.66284845880696	Pt
-575.1027600798899	-1059.8650056848212	-2485.2434044467122	-385.0076268896633	-204.94047879635974	-1216.6054386349044	-1072.9581087002543	459.6848903252871	-685.0910448076212	-1209.042371206096	-528.541091354102	-224.96388048945752	-82.45814008311595	58.42597571280372	2219.272341960451	-634.4655580271734	Pt
-5136.062858429424	-911.5362922521036	-1289.7218182333836	1191.2122176790033	-301.7959036989907	384.5835358664793	222.01356816928651	-562.3800913720139	820.9570754071055	971.6299495609928	-337.81171381820127	-468.81226824480297	-1300.7340679372085	-100.92829600312172	442.0559382838185	205.34663926639348	Co
3877.6223313543182	2187.2219842220693	-1891.5290518582738	-535.5412674990238	-2039.44089012289	852.6085702486895	1126.5748936034574	1989.1912268796325	-422.7961477766491	-1252.6938680017668	-1580.81186287523	530.8484065399031	-232.7990276175466	-1018.5880139401769	503.58287158149875	-10.693632580835255	Pt
-524.4171285425201	1879.8484011839412	-7.753751336202798	202.15758405224818	2803.6098113025278	-438.01001077590615	-334.1593741061075	194.6691279429562	-190.51269615223325	-152.5515710690916	-87.3518290075618	-613.7834732372202	54.841305301296636	-422.5399001903569	-76.52360040617819	288.1897450752222	Co
-1061.6070470083475	-479.7816289721431	-1190.817978998882	630.043363252823	-455.00188661826996	-1300.819322136341	814.1144071619741	-538.4463542281255	-582.0276556054486	561.0500255513467	-321.3028340088979	-665.820225822626	193.57076914906867	-1.0810885227205387	-444.14422622427367	1149.1956336994592	Co
583.7471808508398	-1301.003828916778	1523.7054235107905	-2129.0689540127023	-1709.1166983148712	507.25526521202346	1418.5787290780584	1403.8663232509662	573.248986125844	-1563.6090648725476	-2115.208728107654	892.6094607095276	-1426.3337222296848	301.36139647878457	-1349.8175554521376	-924.7050417363783	Pt
4541.250210224432	-811.4317373897762	736.2553703298382	-535.3483272152201	1972.1677515384697	303.8997990605049	-2765.750203671579	-2369.1443231502003	-724.4160823057582	904.2675647169184	-301.3414154700425	-210.0839026631122	-602.3502520386689	-374.0417601065577	-227.09550094607397	-483.1320583877869	Co
-39.23268543146763	-1736.1403230784706	-382.31845660584594	2101.050643104902	-370.61413219803364	829.7319657707516	856.9174343973831	445.1361056244233	18.4179239496327	-203.0159620864947	434.2626966025318	1879.0166418944318	-110.16144420364463	92.88295729505741	257.3152597006661	-213.17901014349295	Pt
-4968.6663277527305	-1215.4882548927126	1004.1124089358885	-2170.171533923953	-2058.9454744383124	1624.8289227637097	1720.0371231273455	-2922.7296896860735	-578.1166976304664	-458.2732826799559	-1350.1732799952672	341.2607155676554	34.5212416070789	464.29137944263414	69.57021181975472	790.1235401327746	Pt
-5273.708287390028	1703.22610899072	-954.0721429335651	506.89684784780195	4075.2247125813424	-1081.0341870330521	801.0273214543239	1457.4442675997439	96.24959308593805	922.5076946028513	84.54055326428151	-843.2358413144756	258.91933772183717	-824.5602523034499	-822.479418098595	-175.81542609424432	Pt
-461.73283762702937	-292.40621219040554	-282.1457503376254	-802.214246699516	700.9230509371171	146.79303012204178	-1603.0032451335526	-898.0342332007706	-549.6329694775096	244.7114852560457	-314.6680660768662	-481.4690727226774	-464.7752479958562	405.97726418913504	64.03210048491847	-416.3217334895045	Pt
8592.517918880229	-1766.1682952018198	1634.7864412298688	676.4468601593624	2762.4911832838507	-1535.6358111095499	-1596.0962194546091	-424.5531013922923	100.20747430212226	-1004.6299279109904	-557.7645283151359	121.9758433889394	-147.8386318184148	861.9300667409794	-967.7632711490976	-37.798629385200265	Co
3096.5067655105345	2682.898985213603	1949.131725039544	-758.9321881621795	-193.4732776568376	1116.8998720231016	-1368.9887784953494	854.404316163127	27.581437957781507	828.0372425090153	76.00025068562036	-720.1623717809133	-1472.6811851118118	-241.63950706585862	-1159.2315127498273	-316.06752732831245	Pt
2293.550955052215	-941.8184887574869	526.0587378776537	3987.942785078869	-637.8784027760059	-425.58241399592805	-1219.523023460303	-2353.16440221329	-232.57767586109608	237.3169417116862	326.8478071240547	-1182.879217951726	-1958.9124987061246	-353.65136236506	-34.76139995243623	-1014.1303734165319	Co
-5079.075227744535	-1179.5292924125358	-600.3877167330571	2054.7025242777268	-1365.3420718794016	656.9457882891796	-854.8423903825679	156.84567178711086	-143.76913228476218	343.4112992837263	844.045237442437	1411.2799005682002	818.5616372268685	941.1224739424323	283.0369443535965	-513.5907894326479	Pt
8893.787316369922	-1292.2429057719776	-1763.812145415093	-596.8922548175198	179.31151963486235	1014.9938545631849	-216.0459526210684	80.76903369645238	2043.6622628791592	1085.1315567250945	-250.27332679734144	234.54101800627544	71.1668939064608	-1141.8914512475412	1186.7935971755069	-448.1252992662236	Pt
-2504.476902549688	-1122.853263174641	1905.119104985482	775.9313709801409	-738.7885051273204	387.0897907658916	451.77556751999964	316.0118523801643	-812.0148081338883	201.6235365428905	196.70288079669584	-1354.3237030490643	762.4374527117201	-205.01525144736783	-1025.7704936000034	557.2909155299004	Co
-1597.5787749491963	1302.4892236179637	1038.0175234350522	-866.2421541223516	1982.1407455063502	1040.3444157781496	-458.68354645384227	530.0676445862591	726.7290031238001	-1022.3480496348473	-103.31061958784709	272.25407469496156	594.7313813646479	648.7393752980672	283.1881722300675	263.2022499962363	Co
-1396.522282986236	-710.8752649203421	-827.0646894040133	-273.7620697791403	376.0418913069753	758.1334095276242	-1366.869986211261	619.0747915941206	-1047.3534950746	-901.3916875036465	-1043.23819862479	942.3134270787909	109.11175947666797	641.0490303459575	490.2284699423456	-181.77275848749554	Pt
-2573.4366037441314	338.5726352600108	1843.5949095466387	-1077.151776875368	376.79411965380365	-2239.4616352742273	-844.0215261990409	303.1639143135427	-323.1481850671622	-624.8749120479022	-120.61920162641282	676.9986343355702	180.47584559742683	-338.63024815405447	232.5941541942132	134.83996425009275	Pt
-1617.5483414183766	1123.4510098326443	-406.13035324732107	941.2712637641799	853.1804400802782	-83.43145768297535	-1209.4396168236128	1413.9622124816701	714.684029825369	-667.6448474428539	-1946.3541085147458	945.7284254074199	-101.08588412592236	331.27022323035476	-692.2930867685695	-342.173629385643	Pt
1472.7743559035168	-812.1274037841953	288.6540712599357	-1766.1762062998641	-1998.3754398981241	30.135148899520686	1902.243835820395	243.8695491501946	-219.48536201559963	-483.36555871067014	-718.3500280999294	2620.7752740562996	-1180.5541188690236	-709.3389930110419	-95.4114737357649	-1721.347959183549	Pt
-5090.455152923965	-4346.184995369483	523.3869613895624	-743.5233155600164	461.0048610360865	-352.1858800806641	1397.7345438098746	-436.9483665169651	-131.8950495979446	-1261.7612571722689	845.8333950028153	-679.5391618534927	1355.6920451467658	-408.5586959545857	-431.73191268511033	817.195709805286	Pt
-5709.793586096893	1566.1786979438132	-1288.2447061459452	1032.34987832952	3845.1557555316576	-272.64992231922764	799.5989398053522	1637.3925486956332	565.3019023255611	300.5865105638246	286.9589947206507	-1483.4397998510647	600.2630288511252	-989.6024655584818	-441.47538616592243	-97.63951785074849	Pt
-1016.5535118331558	1305.5565837431595	446.49863032959496	-1062.0531466448072	-1259.7701650576657	-870.6286062109416	-737.1110807738094	137.08935411056314	-214.22708024596417	-313.45483333512846	712.2943789658032	-241.6552637508749	541.7253658986609	-406.82406659510775	231.56461830477747	477.0098229875784	Pt
-3413.7402016992605	956.0491120860742	-390.46776331346115	2460.3100660441414	-1210.8902108805232	314.78052293309776	-462.2320177527353	-402.05464836671774	-258.4521895580697	520.8065381790602	957.5707958452454	277.59575385960045	-717.1984379850576	67.3193436795026	-300.38336900022733	-186.8758461683274	Pt
5037.133695373258	2814.0178516779024	585.0680685115352	-12.52959229732199	-321.6701406332562	519.6545327313963	-988.9783096526742	932.6189344349361	-294.89386102836863	-574.2714026143093	-1406.8505251241736	-434.4233687570559	183.49746434865318	1418.2329505741393	-1330.2861824793672	154.98655440694893	Pt
-2505.720589470338	655.4791408692229	-1233.6663660910278	-1053.8806144127298	492.05207225247636	-1945.712005218506	156.637745442001	846.8751337632171	-530.2829897999029	1107.3424043587004	-84.20743388371385	407.9223983436	-705.8525260481483	-31.862877114227196	-183.35250122453164	416.08458430399696	Co
-2644.765769414963	-1284.028827803516	-2171.8412220904547	1453.961437662871	-83.8877739109293	-1131.6682698694176	1334.4334958033705	-586.1692991511566	-365.9833440400794	-129.6332459165281	936.3376867165741	101.63361443620906	-799.103108561284	-303.1546098231155	818.0005111643814	801.1336397638581	Pt
-1827.819175588502	1999.382468297093	-1099.063360063666	-1563.1233171819663	61.05286792823378	785.705279030091	-142.49002733907113	-904.1723301938304	-59.65404388426219	-207.76648383143993	-684.6931644427665	208.4085988032575	399.1342424526061	-683.0406542833196	1009.4178040274364	-265.113728398158	Co
-1301.956474431262	4076.5657707319415	-3719.5408801925855	1729.2248495277026	1833.5243148126615	-97.69039796475093	2288.94630485243	-1933.7284453148632	-480.0743731539304	-218.6778053058937	153.49416006305668	-905.51011335915	-1223.5237506927065	484.6135616051629	957.8034435519826	-206.34816492073114	Co
935.3691004766424	753.5290039406834	-1279.1665343807474	-82.30974872113799	-1905.808896598169	1067.846449567377	-1985.8763655237271	103.52891951834967	36.13852228372709	467.9446865305789	804.2093258555016	-630.3050838475251	-161.01533073680628	-438.96336219185747	-60.03578453430731	444.8887223982993	Co
784.5379030637114	-578.4506409836281	3159.392310825485	478.7701304730486	185.11062426221866	-53.095620819071684	-91.40783148424094	855.8421343065687	-1084.8414749673448	-761.9097665358757	990.6538794306472	-957.7078510146704	19.634647193027895	210.437361746627	-659.3662107113233	385.8651441690951	Pt
-843.0258580318346	567.7249377795634	-506.09209966229	1024.287149671899	1746.5134305857794	-354.1500935867534	201.13554328055181	997.8359093593308	-1117.1595212598108	-777.2704773901753	394.03028021022004	-600.0069132641562	50.82284737669432	-1611.633956351691	-264.75524392984653	-827.3706492639558	Pt
-1763.6738277034185	-2854.7594788323113	287.57957073871836	-1876.8795455398576	-181.61258191523314	-1050.7601300423537	920.6080580839784	1190.0689302884484	-158.3174123579399	-44.2209285830346	185.28092887884392	-14.435500638411648	-274.2666129033214	915.0665503451266	791.273229076692	374.20210866648927	Co
504.85882041727456	1418.1430811399812	-3754.5257585469553	-1043.077879730407	-388.21398361547733	1452.3746150534078	-308.6567548812047	-1645.7647460670341	905.0714089461537	819.2838924396059	-837.2953688008438	919.887364321839	569.0916729103227	-213.81250306382867	-884.9963929041475	603.7384029441058	Pt
-6417.228791356816	-383.1764314915503	-233.26378285240781	3426.498088189933	-1821.4326241560261	603.0340916184862	-2507.071399340389	760.1307710755477	1013.2786017828247	1396.073823918053	765.5009390184481	1406.3017423321066	1876.0300443555473	813.747872682074	-610.1321506798514	-1185.1075108576442	Pt
-1855.3496917292014	3372.6935897582057	-3781.2271748490216	-409.70198169926937	2978.0546646431876	-2483.387046564266	484.26893499329896	531.5487528422445	-153.60729667444633	-445.1989736969516	-457.3605424031837	-482.24746660114846	657.1250942349386	1254.2499078530388	-393.56527646984455	-653.4843544400261	Co
3552.6091177701114	4908.675607420776	1154.465509368425	-1205.7623311762072	-1874.2856661355827	-881.6683376890544	867.7849928946464	695.8330187153871	-683.4423298061118	608.9127704300673	1066.9535307882443	-829.3234535895533	-1193.4294829103292	1188.9883026260288	-37.78076583701769	807.7287298355716	Pt
5840.603019198408	704.5872639748911	1751.0484005956914	2006.8751101777013	-1551.7209784604147	-1383.7033183588633	-832.0230482963597	514.4231003419294	-706.9983100170851	-629.7210789014439	-419.70458873587535	111.54076138083002	976.8673146965169	-1463.789652515789	1023.2212610511347	1470.49616037611	Pt
256.14803539495506	-333.5756156418107	-458.46587368248504	1977.4475415881711	-253.76994106937096	1390.4337011945045	614.4656210051475	1753.4846413820671	-1999.8824210080809	505.1478850513445	132.77981458997425	-313.98166648841425	482.1163029550119	1275.4386255460586	-209.38027049355156	-292.3731207284714	Pt
2043.1824121908917	1137.5071765624893	-1593.0730360680227	-770.7672310953377	172.7831320819841	43.603365457051886	-1053.4086316909256	-1401.6623224354057	-97.20394539818507	864.7842827198785	1145.1007471353246	-323.34071991124017	-180.4941982811126	848.7273201325694	-188.63604288331737	-160.20734220326628	Co
137.53152742294853	-86.44608072500674	-415.90513340028417	412.39470554410156	-1043.05031621148	-1451.7693359458563	-604.076061514444	133.235896083188	-392.6768603311993	1170.08632070715	-1538.7174320142583	-75.66522983384196	-368.5948334131645	256.2341977399945	-242.32216362036115	866.5700681269611	Pt
3795.425881076591	711.3795430681807	-2852.450518639174	706.5518919003003	-432.78616160480277	1196.8040107586876	1943.154527037069	-949.3188670232697	-2198.571989003892	-209.15120326500616	-377.9006527236879	561.9658677633478	2210.7559811514743	753.9137101649206	-256.51586786891954	-421.66088295413107	Pt
826.2887832826467	-193.30381795007537	383.6206370237517	2711.905671731179	-1073.5043757510189	-1009.3662237316203	-843.3870484739688	-1015.6227451291197	502.1991317272615	-131.32068495551914	211.70167414297174	-915.281362848055	-21.42850011440477	-719.1929760992448	-270.1635878117157	381.56677460750416	Co
199.10178909351487	1082.952535508924	1533.3882272856695	1427.236528367968	-827.8176937525777	-1769.3494187904598	-640.7832085652866	903.1474471985246	-1785.8989750272356	-1145.3778937790169	-1575.3758386084771	72.80704236594296	634.6000615783439	724.4455557268798	247.74905012056186	252.6257262615299	Pt
-2536.288054403054	462.8248454831641	34.24011946067664	2881.5361400145416	1403.669296905534	915.7055012419157	-64.27145462733536	639.6170891797461	721.9635298879238	270.2978864430512	396.92477453276433	-704.306081574166	39.23365595584357	-945.7488810459021	-457.12073264544694	-210.57964783089184	Pt
-2608.8604015284245	-44.27502857430648	-485.2417883369041	-1442.7671668982562	609.8963044762512	-88.32065609831328	-204.16486709984375	-464.96797189209934	742.4501669994363	-125.23815422952138	701.9301116796333	-980.7237727235209	812.4734429847493	1180.112291847803	-110.23842605499816	942.4395626037048	Co
-2712.1499605407325	-308.1297891612273	752.3330431927009	1247.3024301778964	-247.95477712458919	178.3871501810247	-1930.0698421197176	-841.5009360114788	-326.5579125247955	149.9771379415608	-329.46321935365904	-357.7038106365509	-1932.8071590985844	-548.7122259368941	-222.86440820439944	-383.044545876087	Pt
-6082.141363015844	-2144.9501180874527	942.3301397253791	904.6333683773457	-356.36500513675105	398.01221784625534	319.0469098174623	-294.02149457626984	55.46979379889272	692.704951588281	17.073492525990453	-451.1870245581758	567.0515850218769	128.23455850939968	593.4843477625928	73.7836736687957	Co
-1557.0060642708836	3615.8939739730413	1784.985935822839	-1321.4198237680848	-480.015227092012	-294.28678331230793	289.8778395407985	-20.76125439073675	-1449.9120343564819	149.93389519987113	1473.0334576716243	-325.8916370044902	-1754.2955695512783	1261.3947460725735	-635.126510148483	-549.0908314762572	Pt
2746.098938665912	-559.1119669669432	-136.39357869439516	-925.6000686134348	-2253.1312611924805	911.8080496799671	-1350.7149186773036	-1431.6066164746862	594.9665560474783	196.69981252770398	-195.0093760092949	-234.66726529495736	427.21638109294616	1153.1329675390987	6.826701038638343	722.3327263290723	Pt
2893.244281770142	-3396.978517421381	134.2839506281672	-724.4946670023552	-2178.691358037152	-182.35525378998764	289.7999587046404	1251.8971683874654	-1409.4210726088825	-118.9579115184492	302.6667837170902	-277.70382202936673	-1508.5001470161467	-128.41262396967085	-1270.015168073761	-1140.6647060354564	Pt
-775.1891978932781	-471.57618614680774	-2783.810426647249	-1247.614243934596	239.50698895929057	-494.198025933729	574.9634056019293	-119.48376715886116	-642.9860123514869	-567.6216507988528	172.53119426409677	-68.58661033524342	-503.9325808950311	-446.0683803650245	18.495106779194817	-377.97581562919606	Co
-1624.82301153808	-534.4326478877315	2971.0036933969805	-2172.623165845266	193.53754435642392	759.2409398224701	498.91630902432183	844.0030443570332	-405.77458994178016	596.5130516465335	108.79853366168231	337.2053060490284	76.67376725331543	-548.763002842175	-1717.2655081267837	-64.49834137335738	Co
-1673.2570499778465	-277.47247392257134	-1259.4290213883153	-521.4821347218688	-720.6434031930806	1710.7582425466117	-1764.5704172940186	1833.1017923072354	-377.3317242788825	-66.37547722532065	-798.9427074922323	450.6792024894675	-202.9797307673514	1008.1384632634098	264.0087597423491	2.1639611516420545	Pt
3130.21436203186	-2113.6956251790607	2138.99215802106	-514.3031495645732	3322.0637311332453	-1926.0722994459252	-1719.1807255894223	-836.2527496395256	1181.6085910122963	622.0553242355973	225.87392176704904	-219.56374144150158	274.2671668415065	-441.9007246647858	176.89078889510986	874.5911978850536	Pt
-2215.1893581300524	-43.055948384368094	627.4622202696683	2384.7246651890773	-399.53979936065775	1956.6521468588421	545.5457454048137	404.40691099119863	1564.606495275378	-1273.9906025827092	314.0329315066674	-687.6185261694715	-48.869752169742455	7.193803788406777	-29.443907086276198	-901.4106533856917	Pt
2734.9790382675164	2431.139831358712	-914.5853357660587	-547.2795618659819	798.695579604125	40.904289054901994	-892.0176691990303	-840.0938164045232	95.95364139026339	-329.4173768997945	678.101553931522	-797.3257711081498	347.37682927481444	1208.9725952309739	1069.3480611812279	-118.92591229082271	Co
-802.5520785795335	-1151.8477319657184	-521.3368016575685	2619.6033826155826	-1175.3337302044374	-454.1379552214008	-320.84799099774636	-388.9442008043431	507.3919247558363	763.0001573367647	-940.6517769689009	356.37169116494033	842.6777542683526	1037.1199040535994	90.77455153976007	-1836.6558200268685	Pt
54.46368163954031	-90.84621775873704	-527.8093762972202	-22.774245051674843	-414.59105848187636	881.1555361575381	-1165.7282160032742	-186.63780432189301	430.0744002464806	-1078.5495859542677	500.3954068498084	4.107125696756303	166.51074040388144	63.06910177859203	211.39093884738782	-1236.1569794708257	Pt
-3315.769175878812	271.82088919089875	-1931.3714055686817	872.5950421507576	383.0951840166747	-1016.334326462531	647.5914252951212	-605.1161750512915	-54.46461028970193	173.46145117926594	470.21426252062844	157.65701487587796	-630.4598716513556	-631.8946234202729	-7.094668654924133	814.8875193666867	Pt
-2574.3520235899987	-592.0774048864856	410.633502036509	1398.3462793532683	4.86343316296396	326.21471475075873	-1892.0752343214822	-1046.6368325540727	-148.10588653789534	801.4181183185775	21.854217659259703	-409.26716887484645	-1947.8037297170472	-583.5620906968177	-357.47006865310124	-277.5264777077325	Pt
1351.9064448703487	-1021.6513868760088	-2303.335203582735	-1052.7118630479422	-735.3874316993079	-1929.357599983591	927.3000002123869	434.5460374103411	-127.75888922897488	236.79050499925557	356.9167044978525	-324.45079808684034	-389.8629098820817	-640.682409104897	614.3198943717629	-36.89740312960128	Co
2078.748840047852	1838.4712651739023	-2836.8696700716337	30.287774443410715	1712.936470234892	-1142.9491511852996	-288.63235045112845	-295.4781782446027	375.3831431500914	827.244619972688	1447.4716488121796	2171.6854469554582	1167.0544115362393	-430.9328717402652	-415.3449813930205	1141.7060597459688	Pt
1050.7332166378612	-806.3692512881079	-677.0782894460784	887.7738336899887	-1493.2674907960557	-985.5899831179556	-1153.7008245315171	-496.2320939794333	-1764.0185445260229	290.8555014717327	-1511.0579074166278	-525.5127329860729	647.0236687050241	-175.917161928569	-166.6917075338209	1376.3174667523133	Pt
-3632.1618699322057	-91.9616794726405	1051.411336444664	2079.1148534474687	11.141733651019251	-1125.2772806830624	-1366.7401629863261	-842.6871427432103	1025.8068767893415	-288.9548484063575	-582.5942054221417	-778.8498660682774	77.71149545401552	-1393.1674029438377	-11.216762958834998	-267.96739520950945	Pt
5067.501098529965	1580.299973307215	-3141.909423770712	1098.7120330031512	-627.7587849782266	-73.2954571725042	-987.302425666874	-574.7524942365633	471.84143630457856	-499.56598705927024	-306.64502598626075	-702.5385525819252	-553.2892601214819	1839.3507759908236	-663.9636347130902	-417.88471366008457	Pt
-1757.2380917668975	2665.4585736485296	-705.63584699818	-392.12866364992664	4696.576508430293	-1461.645549840205	156.17671989757542	2685.7055228509525	16.961544050691387	499.1687059060363	-204.26172886166407	-1364.5234531706853	432.66198423503147	-770.2717830872438	462.7015688085679	-1713.9754460346503	Co
317.89501309888055	-245.8506206622783	-5.269615579460955	236.72959530651914	-510.7513650487838	-119.9740931905903	-1079.8338579006286	705.6646645473915	-139.35451691346915	78.60066531486358	-590.7795380465001	-161.1092159473031	-372.20360759065994	77.74169346158702	-917.2034232848465	1181.987006205569	Pt
807.6672096236757	148.53305055843444	-251.72082574477233	-731.7404604340176	134.60949823401074	44.27773368970815	-918.1737380577188	882.7127095915006	-205.83326875700143	-212.8410180944455	92.60768560653074	-4.850369296675258	-494.9093382197718	-991.9209045153943	1.1316373413787526	-468.4244301085995	Pt
-3170.4959752921613	-407.1085199292782	-447.9761237264902	2980.6459037571785	-1521.173787299012	310.9732277776807	-1598.4783137880122	33.975434313641486	767.1823588661468	497.1045028544962	95.4822652076258	-157.10544447887517	1074.1902643468356	128.32001733435274	-243.06729330792825	-789.908135488008	Pt
362.92711747761547	668.0544285315035	-374.8504210995365	1042.4741144606467	1132.9616714491156	231.50993815540863	-1454.2398307566941	898.7509795166014	20.304154346114462	-41.61965410017446	-89.63090870994714	-711.1057059919713	50.69196178282668	-506.1461397478356	-642.899761857122	-250.40141429295417	Pt
2912.7063121685464	619.0564747495093	-379.80661689226565	-288.5451738014826	3610.8793778952186	-991.076642382249	589.3628977410041	3359.648081046898	1892.4674381374696	-1173.2579055595552	1740.449497726447	-1190.8091553704999	-465.6094552552065	-755.0235085417127	-671.2100788468747	-118.09555658726394	Pt
-1943.4393510836173	-1067.8501092571887	191.41422200425387	-742.3033823334838	-1203.9953659398411	76.08757548779906	-425.57054154068305	241.74303531815406	-64.75984548589277	-298.2396434675856	-815.0287731298474	-649.3581216571212	251.6754412718549	394.4561058486237	383.2851553315165	-801.6442530538733	Pt
2456.0220397367934	-2277.1585182168783	822.4786639378685	-1464.56154650547	-1479.5426460637536	107.14976432917065	1026.0564489635092	291.4996241949808	-1172.6884508480223	151.3589123524598	740.2305935341794	-1122.961204423195	-572.1274919042611	-486.30638023483294	166.82537123123336	-887.8035158108844	Co
1295.787452213532	200.19716718490145	-634.5875867686581	-688.547426913288	-1058.1691020060587	258.99005487113436	228.15862097179271	1258.572957811075	839.5330852485148	-327.16030335521236	684.3841934307468	383.1725645069325	-225.35930888477148	292.7920118171503	502.0423047284164	351.0527634818232	Co
-2084.41272193046	1454.5452422198125	-1460.8209770175054	-1652.145055235326	-1190.2000375409145	405.31628600399387	763.5788337522116	962.7922638334359	688.5574809331653	212.21904204499168	-171.85143539680465	163.83141303843996	-389.3690185981518	-275.9037527108033	81.93886073738958	-495.17415116106025	Co
2249.235160779428	3770.7070751234846	-666.38926264422	-271.37265682687183	476.8218002105111	892.2284468097627	-231.77891757667277	-925.9282635776011	65.65793406067837	-79.42716812379075	-434.7115624064664	1385.6988903850668	113.03250741370356	-100.18511155187878	-957.3629350252245	436.1506572076061	Pt
911.7909591396793	-1545.0641301522796	-129.2747272806247	-1200.847854944268	-2168.3761364064626	-166.37782651796994	-1844.2189396337199	-383.4549156675873	-655.4186002190872	128.90811736977503	-158.80798403074246	-620.6516494885703	546.6534418233066	-37.43323124558131	1132.6948859655492	24.9136706671109	Pt
-425.9541997224238	985.8330833632506	790.1001323903121	2356.332358673666	-922.6142953699384	-2074.7941604801704	981.485473738247	-1631.2024300667888	183.32258626656306	-1775.967301024413	1640.5470171318816	66.9957435893346	321.6988367442705	-959.9019949144118	-76.78946746926799	-437.7826791570028	Pt
7268.45942977747	1949.769777031293	-1561.5071503558827	-42.946469909928354	-2030.2462006266505	1949.0385000638728	-1303.8950623168905	77.50417521029233	807.455994850344	-440.9194234331798	-723.4640342522665	-259.7564561502703	-239.7445552403048	-49.89197236350296	-935.8830544685823	167.7100462340993	Pt
-1548.0318211867946	-1954.5385552775306	4146.669853769142	-3154.1079829957685	-703.8369826253163	2791.7158358877523	1226.321862682098	-1118.5244236935532	-657.9500077246292	512.0303441745292	1010.4389104160114	-123.49693353787413	501.86335586652393	-1279.2761878499286	-383.97073029473694	33.891506881552246	Co
2882.2538691394975	-2958.7747175242284	792.3125652154442	-276.7842354790153	3006.171238432025	-635.654390238682	-1524.3851883945524	-1071.164943366541	-569.1588125519428	-891.5458540602624	1132.7461813812454	476.49351895343324	53.5867482031542	152.32918631114228	792.5232566037919	733.0690983554703	Pt
3995.2173564055715	-924.1715066608127	1723.9342316861828	581.6606653694747	1947.2060254226703	-1798.8581870687071	-235.3634743578084	-2367.3140704530724	725.6499268821751	237.44421156129627	-184.71325994416088	146.55283343099515	246.57682223754927	679.8674472006174	-497.7554440178788	-683.8448565949917	Pt
432.99152690746035	74.39041811755051	-203.05264472610034	-494.9335119244432	-265.58236065634463	-350.98318417661295	-1215.7951846993592	978.4433631485759	117.87464937731374	665.8413908649163	177.14979475905562	211.7716052843401	-372.4667768488185	-180.4961742412226	-905.9344798613092	1052.8558061008962	Pt
-2440.6267183862396	-3199.507797798083	-1819.6600512149398	1270.5176001032098	3457.930986902317	2301.5925375917172	1730.4673344353607	-130.44558353294147	-1785.6148450292726	419.8100590822073	-662.8200812842722	-160.00729648665248	246.23076826120055	308.0208009656367	-173.27502837845776	157.77765105509906	Co
7024.505611780924	-3180.6530853095896	1884.4005060608279	-110.27881672742261	1816.0330260646401	-744.6201129340211	1919.397747640577	1037.4787051155474	895.410619573561	16.62811445284995	-1223.3424974612592	349.68524605936466	-1244.2770947042382	536.6664284040892	-1182.2139106712978	776.6918734662169	Pt
479.6849233818872	-249.22556574084118	-564.9846944689293	-623.0486303995416	-79.91286023515337	-164.6749378438069	-998.3451649631742	-52.23585981330883	507.0839721847637	-736.5798044624046	810.0824324274195	236.7555060690398	121.38048985257022	577.5403971869599	641.8200558892485	485.80709721372466	Pt
-1345.1091000126494	-1622.5376575049481	334.66296330321524	-741.0337030501108	8.542024660081788	-385.2183332357121	362.5901823053301	845.8147668419738	-1777.291939834871	-1393.0839897648862	942.3683599656035	-606.7863525286203	-312.8685678380639	673.8922779479626	626.936882528397	-643.7367861995792	Pt
-3264.028354370311	-468.0470427268385	-57.727323101651585	3078.2867707935766	-764.3800512076548	-97.0232143222041	-2063.9295577264306	189.5368839475821	-786.6030354189788	888.3998589792476	580.7317497690037	-656.2844507614603	36.76511036036424	114.40155430062023	535.5320231956255	135.3222716568988	Pt
-4395.223085578786	1065.2568404331203	755.7597028995235	-604.2991416282157	1373.8370696561071	1452.302170234492	367.44913708715904	468.02845079123085	358.4247366399764	-1004.714521902552	144.91128574790744	245.7692267894516	-386.5003299411565	-103.78069134109293	-218.509354662797	425.1839919106188	Co
3915.230984522088	1284.7287873006114	1596.3963583481377	-875.0444400341817	1711.4140172812859	3972.164094040257	-332.58409133477005	81.91984115007294	1672.6840382292146	-2884.788150386662	1449.4347482372157	164.22573897925474	627.3974398540431	-310.42087502627874	790.6321428369861	-1135.292830871216	Pt
6455.7137471056385	-2991.1042742985223	153.42150818458447	-411.2247805738317	2580.3714437115477	1581.9392206143634	512.8362366011187	-1244.7122431751786	-903.7499715462912	-479.073857284809	-251.3997355743212	829.2158172712803	-607.1737889725648	-484.6224932849254	418.623812598449	567.4195697185628	Pt
