0	1	2	3	4	5	6	7	8	9	10	11	12	13	14	15	label
3900.6942145722387	3440.746017927471	821.9986661943576	2080.083682351318	-4371.612444696393	5058.006708978066	-2889.946076487944	-253.80514414181548	814.0897591648547	-1230.1026918657044	-1181.6237500641753	-843.8207493618362	3742.4586410185684	-1674.3381171075634	-747.2168757533022	-2054.974224663686	Co
-825.7535421393868	2187.7401971947556	592.9293917786484	-1845.7938028912024	-86.42932778862708	-1788.3900638502694	-522.0602279113317	543.3796197483636	-28.64068625909492	-111.83311172378048	2364.014855955269	-1243.2873227780278	-595.6839816610674	2559.1413312276445	372.0426167395566	-1019.2622975889107	Pt
2996.3596409806387	765.0112647463515	-734.0196701263442	321.2069161508506	2448.5435808968587	-1466.6213202659067	96.23442514267425	-569.3409201914085	-174.17490985707332	953.487546247265	-2075.1609433523963	624.1830219833098	144.77096392868762	1567.819108191093	1050.68658414717	160.04869591034497	Pt
-648.6719730783681	-1549.6498467339932	-860.809232135751	-422.6516627445798	-679.4301711635514	-1782.349374786825	22.032373401170965	811.9026526368172	-1016.9917390425702	2065.521829014427	71.8505883247216	1410.971385219708	754.1466765095349	-1402.363299420648	628.7061995891522	-392.1564636827672	Pt
-538.2847437848401	-3416.453081780854	2226.503517145012	-3404.258267575018	-1477.9540066318523	1329.36531746647	506.8529409447073	1990.1146024539544	895.4116023484984	1406.8002800120257	101.67272591454383	379.75148329931943	-46.085267604452916	-568.334945661211	-548.2700852491345	-1139.8782377231682	Co
-2246.757915647245	-1184.834467854909	-1069.2496666141553	-438.5262211413309	1865.1419071397038	-869.7306230231603	-774.9541597054167	13.388289409193062	-215.48245320871308	1112.0318527495476	-853.0373441254568	-214.925232121841	-714.9018536217662	-568.258617802515	-663.6621549186696	1138.4207401549734	Pt
571.7079583267592	4927.288578101749	3805.3845153061347	840.0020616044227	-78.20870490182998	841.7945218914161	1.101143949878647	-893.1808016256878	-262.4176003046179	-2089.714187956903	-1548.9083945570824	-235.48405567020276	-517.9920195506987	-1538.7061515447954	-1928.2944839548936	19.315634422733645	Pt
201.95035829710946	-3271.4978721150806	1170.224059198699	2362.441976419642	-780.2177571084044	-1377.8371385705327	-108.21677315261527	297.3434174424278	607.3803952492764	-295.97784239514	-278.87714959087873	339.6296525317615	-1097.6589984673778	211.04259532436063	776.8784848036431	334.9295784794213	Pt
-2330.5935840723546	-525.7782512841137	974.9876246804641	-114.1919358241555	976.3753019661385	139.3650532993935	1821.2583180560061	-180.64807275137545	-1214.5501510552742	1576.192162213703	-1095.8808384250262	125.07649579692654	-1089.4880165789416	177.54975343706818	175.53111644445895	1071.5533157638854	Pt
4318.786964373352	56.01290508377666	-2678.1566587245184	2098.843830997452	1327.642286405416	-2705.2453899917896	382.8729030323284	-678.7052504200536	-212.5437451444546	-132.82140506179903	-975.9684036021619	-892.4616942418542	369.9900184410106	-476.4729438878104	-400.28496909849605	88.24414325086389	Pt
1642.5459016384273	-1146.0054407920197	1008.214702330901	-431.77450117296297	4414.358604716106	-297.8246517054197	-1297.9965911750407	-697.6234063625978	-633.459751860057	-375.8915255133277	-833.0310719929822	-281.0533151654483	322.32158990277503	870.8415188665712	1100.3302317892226	542.6225004582186	Co
1686.251604692689	-1659.4375434284234	724.6245063303821	-4292.32472771922	-704.3638078036499	156.598880626151	-1034.79055386386	83.81439872890816	904.5934651132901	47.29233447646796	-122.70048652007766	-719.7460583334245	-1252.1097039395374	-461.45897340456725	-435.6934809140461	229.56289572263276	Co
1014.1834689881885	-689.738865983637	-769.4016766672192	-1637.9434195002418	1109.7392326671522	-2257.616922387494	-316.6086286654495	-105.47734446226254	353.81429026800686	1282.5621450746196	-161.9540435787706	1110.3062505237951	992.852069294519	-1424.831861538718	2424.481016199667	-1040.5109477085084	Pt
-3581.597134131048	-2763.8249801472284	1154.0215910026786	-1503.7290458302011	1421.4574908914367	1239.0557059261573	24.872480817852324	-243.37039155011456	230.9154401009794	1660.0055812012165	-1167.74298426079	642.2336739753697	1109.3888376722075	-289.77631695249636	1626.2497314657608	-867.7976998474745	Pt
-3015.0866425145255	-233.07382204763414	-200.60331524603222	-2330.8067388418162	3992.786364287654	3197.210143120023	1054.0023253932231	1295.6391177110233	785.813946738679	1766.0963846089887	553.3477835839005	969.9295911784375	-330.85400473044723	103.54147416765059	-246.8762999067268	813.2939355869738	Co
-5062.381412394586	1723.9538616381726	-1179.086502591625	1796.2692039114593	-1762.993209816405	1453.1574768465873	358.1674345677626	-455.1021249977545	-549.2929869969398	441.8751236428513	456.64330220890247	-307.96182164849023	449.9566452632836	-693.6372574561549	-1059.961109007987	754.0209267795668	Pt
-5525.302780175047	3572.429656412118	2507.316138364523	-609.6739265155383	-474.65608850574955	1476.3852448202733	-1275.6496927734602	-1512.2764975615707	-414.9179552579336	125.95700041735317	-209.58770496496896	-814.4205086641126	755.869239265998	-81.26187644340352	-730.5054821176985	-126.31068006769617	Co
-4207.190874648897	2272.1346763294514	-399.2046480706777	1146.8487848319942	-2240.8527798868085	-1950.2830780076622	762.1531226029497	-1053.2619398361019	-2087.874199824289	964.5643241382586	246.2942262676624	-1286.8952728912354	184.70878427436173	-1785.2075088980637	1206.5806909049882	-1105.6399503474317	Pt
-640.0609771567259	-1827.754511277423	-2010.3805020054263	-1641.6653856840755	433.6580666659181	-1235.054604927191	281.384029393829	-856.9978805851291	647.6173192353123	-686.3300156158482	-747.4149723458996	-868.9991209868527	-795.7253658039313	1136.9075318333887	-1735.8229207750571	-1348.3416804249223	Pt
-538.7298729129448	-853.5338150339174	2016.961553020251	-1892.7656151549788	-877.608725292843	3345.8298157464606	602.04204520393	908.2455725243942	-1143.1541472570789	-114.8965466783768	-170.01090000241095	142.23233682465738	1036.7956329663991	465.0374115681282	-425.8027494442051	1781.7799981163412	Pt
-459.31421246341523	-96.3918172657062	3661.071366274066	-498.38059345807886	97.15802806257587	2438.199736021383	1448.2797624426908	1413.99297735953	-706.1092235644614	-371.77390551519505	-13.809747640968684	-1395.115169587773	-1695.631335541406	74.73360340278818	1300.9638617206094	542.3755129095463	Co
-3910.162534846323	1130.9491023134922	-635.8486115897456	2988.4836477377617	-191.32598236023995	-2616.0212601157723	-173.64761900079625	1206.9270758754474	1175.5624142739273	270.16459658648915	689.0578971943588	-973.1895922574794	407.0691594395591	732.1982461374695	1035.6541556300317	-1055.5920845040332	Pt
-1798.2916470181322	-1939.222623515982	-2739.8243858744445	-972.8229560284785	30.906860198748053	730.6835540051921	-1063.09426491805	-1317.3517158120003	-1582.9771054455225	1195.5553084591434	-729.110526574369	-854.4763019076195	1138.741935929265	198.4889360433518	-1563.6573776781859	179.50242603880818	Pt
-896.7632164794098	1072.4269221190273	680.353160070541	-2464.465767333729	904.3267599498537	1919.867508783985	-217.6059190953053	816.9421264966196	2.8585996990700595	2432.832413996028	1201.6210340259868	1400.2814532525506	688.7753181908613	1093.884855040551	743.5025676491201	1053.826215679918	Co
-874.294479730539	3715.001178744512	-167.08855569026528	3156.1970012951733	-1313.2356284713926	-2164.525465043278	2378.2715331352892	-641.3920662419697	-501.02575586263754	1098.284133071543	-738.2386392073292	-1122.2945021511102	1346.7134551356244	-1725.3377759455432	-1486.9821365620428	-1606.5082403528572	Pt
1677.1178648447512	2708.689016431057	3091.247066311232	2082.9587118727545	-271.24748973734427	1950.4205885740696	1428.028476370227	-2508.630409246852	1020.0729076869128	661.4601885088438	-967.2606188114712	1927.9788581323794	-1928.752741695396	158.84016509813955	518.3864080408887	1108.1518878366878	Co
-1130.2495739871197	-3290.787620565041	-1431.1460199951048	1201.9012913873887	-1380.2370709906697	1242.4414094427718	-1427.257920085241	1327.3996127779706	1362.726421340035	-105.78502420852874	829.2071188058931	194.7087339756391	660.0351994024666	72.82702346054988	1439.6928454181652	-488.0220312090551	Pt
-836.1838756271608	-2723.47753043398	2435.207151943169	-1083.9105747593644	1269.8833504884296	-314.9563572382333	615.2666163042909	4.399090096980223	-110.15955317075816	-151.02437417955596	-140.35128454575164	791.1523390421613	311.7082099041774	-1522.1404456410507	734.1636361855425	674.1190571823098	Pt
1746.5765760124361	-1047.9231498145969	-3763.211595114114	-1637.632886148084	-1039.5052613661587	-604.2488765168931	88.07679088004966	470.65148511968664	790.0193860893686	357.85092558977544	1510.0440242771317	-1323.256277224597	-802.3350678705181	129.84279140555876	-350.7391044479999	-1795.9223763358602	Pt
-1584.20049542044	-2917.6899909485796	1749.4035525193865	-3407.573531814841	470.9559117588208	1879.3635488443554	-182.7617554118466	364.64157835737905	805.0238667509068	-63.81583999338538	737.8830949820797	-157.04326187103527	549.2172089194675	-761.2710574186698	668.2320719445389	802.7178148738285	Co
424.3902237092405	1186.6355561272403	489.08416982074095	964.9614794652588	1433.748761086267	-660.4653071065526	1800.9215342033601	-223.37578803503186	1173.4233063722218	-848.5780830605486	-187.91972294477713	286.07758128071634	-226.86482935359896	1166.0743790372592	-769.5446752587595	1398.9305778453954	Pt
2045.843518065751	322.75906391337503	-652.9131455932403	355.03338734632007	1586.9061467041536	-1018.5972497429284	-1550.2469047441552	495.14362147164485	637.1899455908098	588.6778907795881	-171.11368419316236	-1398.511069188309	-746.8021628712941	1179.2429950745175	281.02291936007407	-91.91286220646202	Pt
1402.0969373958221	-2545.7175835182356	1193.4146099135767	2095.0972624114065	2854.7615966349726	1661.7929786798338	-250.1927431775205	-676.1944048807641	114.09866150238744	1128.1939506675321	916.4878707399427	1346.0536483920253	-1887.119819310004	-2488.254573767296	732.3740259958107	-679.0081624700848	Co
1589.8361143871666	-875.8264049559408	2527.704647866376	-3441.653767943294	6.747960776150645	-1590.9478540961197	1219.8851880703776	690.2620514754755	-654.0113521708392	-475.08342281293716	344.6757573926956	975.9119947641772	609.7492119230925	-215.56804800964198	-1433.8277749160013	703.7635210398946	Pt
-1544.9314542812274	543.0999830530011	1635.9313603364362	-2790.65052903235	-1458.6469070457408	-399.31998771050473	1441.2847279637867	-719.1466100038102	-1088.0333204556127	1798.6758196165977	826.9504859538166	512.2595350316386	1099.9217738874827	-345.3222304310273	7.559116815250367	-1360.2007702243611	Pt
-416.81542414856847	-3370.3193733775247	300.57919906879283	-305.9339717507288	-3352.2472062306656	-1455.2520253666062	171.41132038775217	897.2631645872236	-304.87547051664416	-296.6794809768683	-323.43964577885873	74.52028987811697	365.3377242747714	-817.2974941348832	1200.9641512436108	696.3798286273174	Pt
3194.6517876443263	-1848.736993888611	-2481.984495515859	3426.141099916926	1535.14065326307	1504.3358971560529	-1819.1016316440948	-422.17081790599417	-1169.419682244589	656.0658284972247	627.9961574438596	1445.5154244813405	12.98333495892829	-179.78618515818818	1530.4800329854788	329.61576640543603	Co
1468.0935194468827	-1239.0211532251267	-952.6199168312971	225.25388796256257	3208.5698083112916	-2048.4789101694123	-884.9295032638233	-852.9594882095054	-61.130163111472704	-380.54358839086143	-882.8095469133979	-649.254256341314	1223.3625814582983	-125.75863311075588	1835.7546354845267	439.7609708833275	Pt
-3604.5721646733173	-2370.7134753626633	1027.7285505968764	2590.4334786986415	321.35746414166306	2432.791650365679	891.7442664707049	-61.643892666855514	-316.3384948598834	176.84119321783933	-295.49613739334006	269.3714114015752	-103.84792758805345	1650.4385960471611	1056.4700813389727	-1415.7653559445332	Pt
-61.287122301057195	-1687.7151393707877	-2514.252489223928	766.0527179764898	653.5280049054383	-1281.1095254736701	-493.0659759010805	-961.696357149534	-798.3202323057387	111.96779956705859	320.7846227215045	1924.0001364270943	1225.3406362298372	74.51407337370597	539.5305240400444	537.5295252337039	Pt
-3552.04988456851	2129.560218067123	105.64400341879654	419.6682711008434	-2180.264085689993	-1883.1412106368127	-1369.8623792779417	229.28109180709615	827.408671756403	343.24097192648935	2718.5849999938127	-1034.2731682986944	1119.7964184308012	392.2169545477216	-279.7724824131571	-497.41249079935045	Pt
1395.056632403024	3625.161233081384	2027.7823609056434	-2185.2128789726703	-536.5345405467356	2186.427483399078	3155.3131086914755	1679.0105461107792	-1031.6126009383256	-2929.9745853115287	-1784.3262562347543	-242.2112113208047	1468.0444774782395	756.5356447147643	-1065.8708951946912	899.4160701929077	Pt
97.00529760485793	1865.3412578531004	605.4268823730597	887.3444387362414	1993.5832447657438	-303.27885320127575	674.2076545632522	-408.49050089055163	390.53794767894783	404.4420043524429	-1077.5244596181092	346.68814267453587	-610.3737311641157	967.8907973842868	-2087.6676094529093	414.4184639174684	Pt
-1080.9963953977851	5436.546891764561	204.65988539878822	-1266.9749064379023	-881.7593340458466	-999.7205329884875	-289.9565567252574	-455.3843092136349	-282.76403458745284	-423.96816171558294	1476.006778068058	-515.2136172136802	-628.8065914739791	56.47734263209552	739.9976533537168	-650.8746887854306	Pt
-3091.4525234885205	-1826.250774706942	-884.7959607351942	-605.6288469634034	1109.7536610200348	-2624.3547970075692	522.9241453643248	952.284204341613	-357.5004778840486	923.4017668405221	229.85050162913438	-796.9116824612134	-146.83990200853506	200.3703555861291	-464.94315594853055	1535.5265129333866	Pt
-6000.727272178263	2892.4230142060755	-418.14058691116117	2879.91247077826	-1110.3827043377662	-2769.104025951169	-954.5459511979699	1320.6538168778752	519.6273391348652	667.5169437346225	494.7382914681424	530.2172864216706	478.31850163335133	1026.182171038399	-447.479034740191	143.47608729297437	Pt
-1357.6981741389595	3550.605504649459	278.4121817631578	4256.748271655078	-755.122962644242	-2810.87592484032	1658.4679252969934	-488.21251194392653	299.08032486871383	851.9668552210525	-372.7605711937233	-980.2316420494099	1318.3311695209015	-440.84492195726847	-1207.2955139120904	-448.40445730616847	Pt
5552.911728408167	217.584985667259	302.8336264310243	2744.930131791945	3701.986066705356	-1786.3439933740003	-370.4362651958749	-745.0800158703314	-276.1973047729513	284.08348885577595	395.7285646142439	-333.06158117664637	369.1402195282115	24.54946725539775	-548.1654684457412	137.84060026839012	Pt
-3631.3361497285514	-3066.6038999170646	-2385.8346416358936	-762.513222118541	-630.7978019878202	761.7256171339181	-245.30543673397162	985.0782781237378	-447.6625550289104	375.21020966487254	-881.7901669273908	-1564.1675475876675	469.33929946533107	529.6255568094899	-148.17178550446994	-566.4046459744407	Pt
-4538.566440055831	-3887.831917925624	10.774136483776424	-2041.5384939951434	302.1705542017171	10.806211935539945	-701.120832764457	518.0670561486827	-7.780911396527959	-519.8119577504814	1318.7268327311192	1281.886052266268	525.8041674903735	-1871.4208243175262	-454.19789835751953	234.59448836544664	Pt
-4404.428844708749	2636.6864601292427	1909.9948482041848	-1401.4398505610611	-2248.103358460876	-1566.2095450823776	-1957.321425204745	-773.986067262664	839.4930683872645	193.36822883183538	1630.1504990937663	-977.9032337299517	731.278840500162	867.8698291259531	-919.3858172442407	190.9174210036326	Pt
1056.616383521401	-2670.4602744355752	976.782506837095	2159.728522595981	1290.24367575676	811.4050371718213	-724.8334051158665	-89.33496029037708	362.938324635128	-443.2986628425698	1102.6700400226225	591.006364855468	-431.4805386208403	-1.6551129594222596	-398.4982005670209	-341.23776242394985	Pt
-387.74054781492646	2327.6101929038387	-758.8038580840362	-2561.401214774984	-1827.304943327781	-1362.6061504254706	2139.686442530873	-2454.8594066901514	251.95698730738374	861.8722830838389	188.90201645679485	2238.9394587167735	-1353.3952225439716	714.9511864121941	893.5223304421881	415.8840274328429	Pt
1446.6175384631479	-204.93638546297578	-352.58948468854976	-267.3277843996124	1463.3878048060085	-850.1173874381496	-223.57203855134512	82.69144414171721	-102.38095343880451	1129.5611040622566	-1514.9256252097161	-266.45492095514544	1058.4784392669255	599.4803796291966	1439.300242218746	943.4432346954179	Pt
482.49865380650954	3994.142322403805	258.72434617946016	-1482.2176954332206	331.1104979907428	-2265.3996385567334	194.39418755651926	698.7663778078116	-686.4227561412982	-1188.3624910283252	1458.7920767202309	-1959.6704679888655	-558.1789315003574	906.4221193847733	3623.7985496186916	344.2163276936552	Pt
10802.92187816019	345.85351068202243	1099.3161639252614	6392.9321076209935	-554.2828723645105	3627.436661268267	-1007.3130494852456	1982.7720753994415	-1870.7548840722732	517.0253926857608	-82.57746490882647	-169.18015834334773	-294.98053466064295	1897.9138381572786	-1236.7924982916493	3138.749238594028	Co
-1977.9836562245978	-1420.3174897096433	-640.9059670230777	-82.7111431346204	159.58860230763943	-466.9189808074702	-643.35191171414	51.923978685705876	-560.5908749886839	890.6749650244722	-887.0939478389031	-652.538803151229	246.4546470621708	-1571.361134445731	-1669.1808468880313	-246.7463634481755	Pt
-1985.9142884252547	1589.627321282943	-66.06763562662417	3435.7318952231435	-1191.1829673424031	-441.06789629650694	1212.7946631053285	-1381.4004748860846	1224.6528516144815	1602.743202694132	-94.23190560225589	486.1127797410554	22.212625517004252	64.33941404473089	-1047.8702932745243	520.5495906893444	Pt
2173.514995506544	-1747.8781224773813	2154.9667610065785	-2203.4653536417854	588.4630532744869	30.32561230721039	-1054.8988832485256	1862.6128651567728	-1846.4839154469973	1693.8614072656417	-101.65448811915775	332.70386807298024	2996.5880486665956	-279.1650178576218	826.0760671174272	1142.1857727658692	Pt
-1650.3262624638758	-2521.0544855206495	-174.42187279444056	-2563.749223271111	457.07937191995995	-276.9456023820569	-71.67990771237757	-934.376076741695	1442.9954128474783	-593.9617775583154	-2017.8429795073348	-694.2500526881902	-274.8367295895819	-150.98538226907792	-440.7362895304625	469.15421057587525	Co
-526.6169897418616	-3747.1371809047914	1107.7236167615818	1945.4781486004665	-1147.686392283426	-1624.3156872343468	540.5227477407213	549.6066886962833	-274.75654919454	-525.1338230726452	-991.8308038542524	-488.3520382319106	-1272.0546404847119	410.78508051531406	89.56876823226169	-344.29620916916366	Pt
3713.0945598821095	1412.1917448350464	-382.51676008715367	-1714.9644192159824	763.8471914680215	-4392.6023144122255	889.5739687381723	-1443.3537736554188	363.33563584117536	-536.5624987092915	928.7391158610038	2224.1515490585675	778.5887956918947	-1042.3372473276418	496.4938244453401	-234.45672349261642	Pt
-1290.9478003099991	6528.431607960715	-1206.6203458482848	-141.95391050375775	-581.9084996702368	-1082.1342790477424	-2166.009424093214	-522.4941726351864	2310.212297685651	1412.3348452546095	879.8585160181258	1167.5354402307046	398.9445363526039	-653.4328625918497	-124.80799698032973	417.8862413846058	Co
-5792.107971059502	-3404.2531793128665	109.26383285845758	-1292.942778205015	-996.5381870990356	155.12030306136103	-277.1414590306984	-56.724042069826424	-989.5667141437046	1782.4888815033653	169.75649254382344	351.08302956305585	1687.0768052062447	-1104.100490626506	-1643.2990816037664	-490.6250060206733	Pt
-3911.990877831239	-3566.9742453027125	411.05342327983715	-885.8794407735365	828.14142416821	-135.58529682501307	-749.6554339612751	40.176691910629536	932.2464660264815	591.2252026150105	-1607.8486070049426	-669.304162487225	738.8032735714935	-371.35324179905814	1192.0564029610844	870.3166209980524	Pt
-791.1318463313968	-1344.5399266342688	-1806.8652375307233	-430.5220163457013	2803.098441015378	-2886.572528004877	-11.978120171513696	203.21156780189312	76.72647315725916	70.79064206109385	-395.60309280803585	-884.2376320001911	188.42811157247078	87.59760148490511	1273.5874129651133	-34.012234166611634	Pt
9503.17693925938	1950.9358666813016	-2739.5140472493504	10.871263809751978	-190.92306667231685	-435.93865094675164	296.8954932678529	1172.96568339321	435.0547823742235	1023.0298385807516	373.343714955943	103.38684432868561	-366.9274426462149	533.5719296917846	473.9799555681505	-448.1544984101335	Co
-4131.135616255292	-4033.0019378941874	812.0679414124436	506.4185375912763	743.9652577023884	588.4985974449388	-602.319015795331	-1129.3569378976376	-367.06785781371224	-377.68219062015277	-1010.5760136716596	-435.4170264578178	-1209.5054030376705	413.3018850297007	-737.2551882656994	339.25107814554826	Pt
-6411.573052235749	-4101.709756047912	-58.83341963333467	-844.0657642602024	296.8043995937488	-408.77773543799856	1154.0031777878398	-499.3538041306837	-1120.1125781930396	-1153.7207924963502	34.36315210017386	369.32697199847786	604.0229977880175	1439.414677287965	-153.21036958448	-520.0739446270542	Pt
-2703.533996832878	4355.170151865229	2025.0045607563022	-1205.331448144056	-1312.6875760038988	-1238.247603009096	-1069.370596644006	-2513.6452683147563	-238.12063921859405	707.672187276562	1568.3055894425647	-1709.4896013931327	376.8403697476999	-524.7400936826236	-1671.0306005315363	-356.4085507270688	Pt
-3547.3388651563555	2156.940235487794	1714.2065173587596	-303.2092280455772	-1664.949698446432	-1555.139512160077	-1146.365352210067	-1213.937499251446	-443.667755025851	-636.9770371020696	2619.6636360326584	352.05971682724896	682.30301734485	2162.9221650393943	508.68084136095484	-437.71050137919457	Pt
-1099.6228628263189	-3286.61036559295	-1123.0803690431276	2734.6395465706355	-2133.7973683842943	-1004.4698220222353	1350.0167221451798	662.9302001696018	1240.8102623236302	-135.55109894575097	28.463108746395786	-95.39285691970825	-1051.4803234869462	538.9504467898679	41.53773764041107	-302.7252858484241	Co
-9220.497279332812	213.9192209009655	-490.1102756322248	-1138.427149551272	742.9807008786177	391.0989270364981	-334.1699651625425	-1020.73699510688	-437.312225163352	-216.13561779634585	378.8057056118582	441.3962743818391	1177.4956897779507	78.15154237505156	1548.648104707405	557.4420703774389	Co
270.590500984509	-2502.2201611176156	-19.9692531322945	-2805.334410146027	-916.1626052348597	69.59474219150749	953.8090673970403	1648.3619748536123	1292.3140948022653	-1172.3804153613867	213.99352488621219	-1476.7862556828497	-642.9170753835858	242.49872023004514	281.5715219177572	-178.3198364203856	Pt
-2645.447341899839	-441.0805657647018	-727.444354715261	2961.167757795542	-2342.776636388789	2067.89725474201	1617.1636123312521	6.5673123478580235	797.0017433424212	238.0637364517978	-70.36121076244778	-288.5648408154879	-47.102560698209	-579.3116750622833	212.39029850683238	258.3708630419026	Pt
1057.4543893320351	4936.059288504486	-1469.4897897950334	1627.1623593862748	914.5525505761051	1982.02795511395	2692.2017996929712	-309.38263061377137	1391.7518166795824	-1650.930264088939	326.47788583626715	818.5645568325958	1936.7938176650814	-600.678121341487	1605.8795842340828	-615.5276439336941	Co
3684.780567145609	40.7791040325724	-3776.6853791399517	-1983.4192819925859	-174.46461643827325	-1834.9020351585707	674.739775624532	-1888.1291063714527	-23.951775066106592	-2388.7510530304403	-1020.7856664557341	611.367747406101	306.43315936918106	-590.5079872939216	-265.4894523058595	-1408.5708555805443	Pt
4321.788018785378	2253.9099038904114	135.8712191988653	-395.122684192774	5102.01216973516	-510.76380125984616	1304.1524158800105	639.9693530081847	-147.22458269577453	-1496.3881165384264	1459.6710251214688	-921.1178926963286	-504.9767173134309	-1066.6266060619523	-902.1069119345397	953.6513821093174	Pt
-6240.447368941329	-4502.437471796569	-1715.8641636339698	2675.7492531057123	-266.0202326597895	1525.4286113468595	406.38512050180657	-822.7234868823891	-1087.2557123092677	1155.779157390226	522.2809817490049	1586.199881023448	-179.0870876903626	479.5842281800428	26.07710748290173	-283.2518469192717	Co
2230.5468999741015	-2150.756100864391	-2091.592992315645	3181.4290210601985	-1261.456928136653	-381.79638044912224	181.7498955115336	355.991121961071	1836.8317525338293	-1583.270662844207	510.99005134320436	-2065.799014026967	162.42360846521436	678.7857626145038	1509.3788123250479	931.0181749629187	Co
-965.7757580073354	-2646.1856953261713	-1730.0107664842758	-2120.326367645686	-2897.3545343231485	-17.62774667468581	881.475494028629	1155.2640050235163	1736.460443038522	1.7942054414217496	1205.4018203605303	625.8162495116078	-332.1809093047009	-1449.699656636187	-85.81846590953269	-458.6240571216543	Co
6376.599679569596	4543.9573694454975	1206.749553554401	3228.535553365309	-4284.208691748299	-436.2496956824439	4599.3509204304955	637.9806587816107	1240.6365136044496	1387.8600434523548	-1479.6122599352777	-531.0899583705674	160.93170390738558	200.18004944657608	-544.5131923716799	386.0908092362019	Pt
3877.4041978578703	-2593.4531329088454	-2475.8588854633413	1000.6229635144083	-3628.4928651646796	3240.5090001536814	-2285.732205409816	-441.34767541126143	721.2334120241178	-551.4782660925338	-290.87067468307765	-817.5530685858457	488.41164047070964	-896.788763593949	969.7666773470784	248.29187717705045	Co
126.9654106332341	-2092.6373843571077	-1604.4218921506533	1395.8874373827264	910.6703148249883	-1145.9924852076192	519.6845381751366	-17.181297416199175	-1648.8112835875093	-502.17748049626124	1791.5179936518302	858.6218585868601	287.62464313003096	-941.3375332180947	-549.9519899661506	-542.5742610806756	Pt
6045.734031877528	667.3265983828479	-4237.782118735955	-782.4746338639012	331.25168531673273	1587.325315265165	290.4113496306601	2985.185083001836	865.8937397172618	1113.0660314586924	401.64393629345165	636.3527614814725	59.457982228742395	34.029292796084825	11.645059262456712	262.9448699625985	Pt
233.7906421007649	-3778.8322301357307	-2524.9503159263995	-1404.94485426933	-4058.6804435844015	2531.3200397452065	-1794.5319369420624	-140.14891488896959	548.9463246986701	-1167.8415127191215	-679.0303273682993	269.29544497132235	94.58037171442159	-247.3814345840816	1163.6461771038473	1148.8147597924935	Co
-7293.258559091797	2736.4284025580364	-1541.7985617079835	296.6320176713782	240.93253012893024	340.59386688391345	-2010.2664440681795	-299.5541520730715	2046.8562022434783	1407.7006670276164	1340.960744787314	1247.6953583766453	-705.2160329756455	981.8986742118907	223.06461264895523	19.06489547747345	Co
-3268.747204540648	-1813.7575340009064	1094.0322088940654	815.4156667815598	-1874.3662216442488	-1266.5799948335193	105.66548791211208	638.3044154698631	-915.8162490540346	-827.1623637713618	-241.52637126914433	-753.2006391496919	-739.9379305662231	193.26785795338353	-168.0633239882367	756.5244395271038	Pt
-748.2363386829818	-1216.8371927934093	-1870.6074896794328	-1742.5144637123763	-992.7899359266124	-1338.3117769900962	-1320.5915114134564	-880.1569598706112	380.10995772690893	552.1382088298233	-25.376744628832164	-736.9806593394361	-740.94401974259	-1215.2846112870945	75.49285817186848	-111.14545449445919	Pt
-76.60254128640844	4422.233893649712	-1801.5488018407084	1812.2088030174277	1089.4209030435231	3276.4736407486976	2533.894364210688	-27.716401862191088	2073.5275076111525	-727.6558091056029	410.48102070567313	-1312.7001175989028	826.8720256523596	769.338316679719	-1065.0640453786605	-941.6608292562628	Co
4663.2869253309855	4114.906987933573	-4663.933892035675	-1159.4285428006222	1566.2640186250235	3063.439625864503	4678.777510477824	1471.4184964459896	-1895.1297056418225	-1793.043851762339	-30.07777535592974	1247.0930385204442	-10.26565543678695	-204.22356452093132	-7.794130193672775	383.37536958126896	Pt
-4859.123175438473	-3814.1003582100866	-663.5356034818573	-327.4220652295856	-365.03847331281116	-99.77582636886919	176.356170739373	669.7696106320486	283.7765476869601	1381.4033859875865	-606.385117084007	145.4183258633862	714.3495338678717	-263.73150244325024	-1031.3415441090547	-599.1993525359028	Pt
-231.86230802831025	6780.3094949744755	-2344.699342993483	709.5979297064006	-1019.5841846220076	-1963.9251713768526	-821.5870134945595	-1482.2908327719088	1708.78657320885	-1278.020633240661	1560.94416993621	1764.149256009341	393.44024691794834	-844.8570506875421	-235.18586982478772	538.0896633075473	Pt
-6370.238687741332	-4889.564994182051	-2233.5196950728255	-2490.441890702965	-2305.2047412550037	835.3330252650949	14.60442331615417	-193.87858757520627	-527.3081884639823	-1408.5527930704677	-769.5438983830617	-1214.8451908348293	-53.234618665103035	275.53040387028057	36.153237196944104	422.5959213291796	Co
1098.3712143791606	-747.3365514621889	-2369.606348837328	-1457.225435792922	247.94441548835474	172.3006866022115	-2265.1153260187316	-2349.9680514920196	-388.48814958439544	-134.61812081254777	-461.3779297193217	-1843.531429148452	-2154.2400462870596	-1330.262365246494	-346.62598650555776	573.2010848829505	Pt
4713.809838571223	-151.0462912183945	-2256.235020334687	-3626.8362533103314	-2442.6729561967572	-44.400234971848086	470.583833939984	-568.9165642945028	874.0562931395538	-186.14649743766464	-407.6582354147199	1890.4080095572838	596.6824396803273	-392.9491846840951	361.39046339368673	-1236.7030833244448	Co
-1906.2142015707368	-3798.7491043975506	-2319.455490494625	257.9200689378572	-2237.3491121659786	1217.418981481208	-758.2522155668755	1584.2054617706303	959.0521725107727	172.14874082301355	2034.3011166059637	910.4164962192823	-821.9316539480366	-763.0100743691006	146.21753768908678	932.2333839111375	Pt
-856.3669406777486	-1608.1550963652367	1369.2758862414478	-278.92519285269276	-1263.3206920669754	524.886583794631	-1504.65532416649	108.36913327411236	-600.7009450657806	934.3060978193643	331.9648730358482	1186.9267880174948	1750.9092587770047	1559.7828389163863	-2332.932837516346	1012.4811216196373	Pt
1678.8969246455479	-2594.3743711646575	1631.0573395071149	-3211.775464616385	-1959.136296633649	-314.2448940006647	-111.58091176325205	1465.002309185538	51.26242230695909	44.77198590355297	1001.5943361526023	1131.1334741342619	-810.3233634421555	-1163.6381335022234	63.67851435374792	-1476.3139468543436	Co
4337.776281714434	4262.480475373842	5331.985635750476	-1262.9890735169379	-4360.992306300365	4750.533569572932	-711.9475667000621	-1341.2573523866097	-2082.2409970323747	-870.1477596297873	1059.9860461363473	1632.832703647167	-1471.1592893790141	1454.823501012547	1449.2171437436662	-1136.8542442658581	Co
663.1401927729053	530.2989338285319	2083.0814156712017	1036.3046789603734	-2287.9993604531505	-1981.6051240890695	2622.9037256178613	346.53391654053223	389.01604745822937	456.1239241490901	1423.4058279302833	-206.47363660780317	-1071.7038992172802	-575.5589903401976	-612.01929072345	-827.994904307989	Pt
-3929.4382499416174	4489.185683384521	72.19956807506749	105.40144298988723	-2239.9967222725095	605.1928450132546	-2646.9685784801454	2961.3409750169726	-2579.9341487440165	-968.2925795361971	-1370.5409699061536	296.2457471517033	-1152.6453493402273	-1803.2131993623168	-348.7378584890359	583.4421536058131	Co
-87.77491304672509	-3473.5128664615804	1049.648266778945	3438.1786123611632	2387.488804447483	463.3293921882382	-9.819599966860038	-855.7637328047156	-84.65338093795476	-2038.9706241627048	-709.3104303031262	-919.4297397989086	-236.3266671702762	545.1005865236814	247.71568315772956	-376.5304803628745	Co
-1744.6551678268993	-1737.360905842858	-1682.8143686580797	-220.21087085811854	1518.4634662526196	498.7107397927764	1204.8779292879954	2193.2044518328603	368.3668836191012	862.0890946322619	1569.1702789005724	-977.8952531104915	-880.8810977277204	-666.5554344586484	272.1162356382923	517.2058299759875	Pt
-3822.344409917861	-4360.366957278152	-3298.7759175770666	-547.5051161287143	-2617.574898571552	1460.555902025123	-538.7930150322636	-1300.4003366078846	-637.7478556142562	-1332.0343785809887	-718.4842987880706	206.07206316442802	361.9624761275434	-123.29806394489047	-150.3895144271192	613.7088393828149	Co
8867.121125275966	-274.7880926810055	5890.352141701086	-3448.152358991322	-1934.589180691095	-552.700856309295	-2351.714380672353	-50.57816092948213	-1023.4274200478587	-657.3705070770603	-51.74650956591783	-755.4711420847906	1977.7769826012996	-1056.9650630669025	-1750.425105571939	624.1308203319971	Pt
136.28521708573746	-1677.3745949403071	377.9888221524436	-2698.6671824346713	654.0820638563229	-308.41684703496645	530.3648312656214	963.2989626748576	819.8794194341095	-614.4250696490823	1432.8952840860059	491.73509531281803	361.6155223455012	195.92817961216565	41.72904855723771	-826.5049497337584	Pt
4593.760547781039	879.8768871888626	-1685.678149640287	-1976.1248766491374	1164.9387269531326	-396.62393377571635	92.35260824432912	1640.806200330091	-878.5157926712174	115.31441542018486	114.74811922803329	-88.33125145910567	-159.62344203696637	-739.0638763926872	-436.07052598096135	-545.36594015801	Pt
-3023.0714760818178	-2578.937263136379	2142.2849273725983	-789.8670366398179	1607.395512691351	-689.4376904025091	1161.0133268510763	-1284.4343555629557	-1115.6327336199963	-1218.0727461613264	25.092054011687924	27.55253067789024	971.061868901927	795.527279306675	-122.44787012654791	-371.8800659814251	Co
-1702.6195707985298	-1143.2054876399056	406.1317660684423	572.935504407747	2662.9583026479836	1235.2951907328338	1424.3712467193982	158.9421342797715	-370.9131296089832	467.1623932289981	-117.0588900923053	-756.4185699320872	-826.8919675086012	-898.973850666804	-214.764199547752	612.0383474596708	Co
5.939089244295139	-3578.6860471941764	-1529.2685301189213	4041.2824417973934	-338.5019161591204	2397.668243383797	305.4629283611454	-673.986694577296	396.1872937593795	-763.79568916116	-1318.0036303008371	-1640.8634532961685	-520.4048738169298	625.0799819266903	751.4954137507947	260.8444482559437	Co
4163.3208364895245	-917.6028638979891	3539.7387530565647	-1622.4919470573043	-71.00997857919782	1114.4733205947614	-1056.6610843798185	-2547.9495689497617	-2331.5189499388925	-1234.4859476249196	-610.4548685358062	1097.6690970601608	-354.90381198470453	662.8235044973126	253.37110862276532	-1344.0555046873685	Pt
-1839.09722710101	-3623.8725701163344	92.41308001492096	1084.2996052244675	-1140.4808758839615	-180.36732451437612	809.4304779269955	492.9484957921054	421.04797708218354	-61.72630939496376	-686.6130742634509	-366.9360233862648	36.13053291068457	-454.2655062406068	357.25682522402917	138.6008684435531	Pt
6008.133898533817	-970.585655321386	1601.6958152005932	-156.5258162360952	-2448.0892409898984	2539.3154352938986	-2925.406655231905	214.10372635553952	-637.0151975701382	2934.2314333728937	2056.638013090596	-20.758719359681088	21.919914215085715	-381.1371770849742	-473.7537752709365	-608.3052436070075	Co
-1075.6824909123904	5395.527527582649	990.1022970712967	2141.192508629805	2998.653365652101	-252.9436492624326	1552.8156557891173	-1310.1461321334714	97.77235224707586	-1387.534674780571	37.60398725412721	-279.77518471931677	227.7089244019704	-1860.6456449568955	-174.46652886684979	650.0480653217933	Pt
-531.7026478838249	-2862.45400381512	-288.144712533438	-2033.4885385019709	-1025.3411438982941	1127.405146584691	-797.1639735186179	1184.498713479096	-1315.0131785727374	-804.3074791219258	1005.590430467095	-435.83285175492813	265.3148502168257	-1175.6735167251352	-1042.0067817220295	493.23693641063005	Pt
1322.8958288190622	25.44969543550476	-2431.996462651296	1502.4728388323135	2376.6556393032483	1206.4319961189374	486.38959527782475	-1084.5004298931472	-1041.9936116590136	1998.7709194084223	-997.5429968670658	593.8241106508291	-717.2266341758183	380.24558617951476	514.9896463032701	-2588.008498527652	Pt
1718.6362120947965	8765.92391311693	-1990.1599213194652	2014.755759729938	1359.32952914742	2223.526846061335	-1049.2774108528993	-2028.2017439392318	929.0307456103751	1088.9932249963215	37.8910417261361	2781.4266892008072	888.6921782531292	-470.5912236268611	1310.8600025104618	-928.1209799272185	Co
-3950.343510418015	4348.944668498274	1431.4113106856014	349.22906263406566	-1104.343851512563	-1998.678536401275	-1700.8427960110853	731.3623914847097	85.74257451147214	268.46375743532724	347.2786657107531	-869.7443452111494	115.37623837399272	1391.737101080159	666.4482801332919	-243.98684120093364	Pt
3671.349260202479	-2911.275693047603	1598.7082016046206	4394.276446211858	653.8769872487658	684.171309436548	-596.0782974380405	-793.1114357190329	303.7118889281487	-1459.7304889087625	-1116.600851099418	-380.86757111015015	822.5182654813033	35.805946975618426	1011.5468026007225	-1129.3111212578103	Co
359.9521485743018	1301.4787221069616	-1067.992496763911	1506.3417657759835	-2939.410370811439	1139.6642224229877	2326.3628799236576	653.482882294464	-0.5683502643571116	1446.6447364226135	-186.5040174552845	315.37114598912717	-546.8513566898632	-1324.8050769536364	1692.1261109489042	-837.3871525969405	Pt
1442.3973865348178	-339.6147949649548	4266.39123233591	721.6542379170128	127.20875362987996	54.193734594381034	511.90331883348597	-2456.777486917987	339.7427369595273	-2624.9845886372395	395.7097883678599	341.0612271029193	-145.03416883051602	3184.3011792065063	29.751693922372063	-1402.1346672250158	Pt
417.3628593591828	-2035.182819437683	1803.8531084186252	1787.2963419017342	2766.0478253580436	-656.6168669323008	280.67010384252706	-1131.8238511540462	271.31870300337874	-859.2299358692965	671.7493728843687	1410.862441942873	-715.073894023106	-617.7568131100358	-640.6578085322345	-1291.9217792365998	Pt
-3822.971275079075	-3982.288220435476	-3306.3032557580877	-1183.1175666245197	-1701.4526646997608	1808.5462333819053	-98.62300588804106	-1326.274720204828	-1263.7779772407268	-852.9565082266842	-889.0840437126604	945.8766785771182	244.54550838672336	356.39520778647415	66.58438033513544	-248.87555832832095	Co
8864.488461808894	-80.11378207933966	1817.7593918059788	1520.423469385176	-2895.5162402671353	-1715.6179510076213	589.2874331231202	416.30498138481653	-946.4577960717297	276.58247359898337	-2363.391810801978	1414.5471901711264	981.5710960198317	-357.11211942792494	-1751.8761312082324	-569.0712767374009	Pt
-1869.5277900568433	-3632.6184317812913	860.9364761913931	581.3058923011405	-1238.21170835983	-715.3269585445769	171.90804170742862	882.6271166056499	-299.30357532818437	-579.3459754263451	-248.8490059521633	-393.332716459649	-28.094662561366253	327.62046259279225	-812.5022830047038	-405.51784323857845	Pt
3039.786443809644	-487.02730736615047	-4398.386691033324	427.3511749891053	1127.0011574845232	-1621.3183642786998	-509.5161573728489	-816.4391044232884	-1095.8122404598414	-1176.2413882118108	1908.7596017742208	-479.03601496022424	-1107.7301474050244	-313.97024345985346	-25.896957907057775	419.558631339763	Pt
3625.80279988042	6766.4496319907485	-4625.6231772637975	-1820.674145737118	1149.6530331793322	4261.184892371668	5307.952126548765	579.0513615880918	-2641.027946262858	-3044.0636120440718	-616.5297115995718	1375.8782478920684	1193.633774298004	-1715.218182438988	89.90030983931587	234.5467110107491	Pt
2204.145739338454	-814.4912702879562	-13.794493229627982	-2509.3385258825365	2269.44561563746	1767.8546617745462	-1705.801232372812	1533.6342887440087	2432.0691738577166	1027.4743499133233	-704.8938568557484	-127.29508566414322	1692.2938950753028	774.979273569627	1342.574452892788	909.8215035591112	Pt
2827.177884009392	-3136.2892825923977	3421.771141708814	2885.36287754144	1979.6981524865112	113.58743487790991	-1322.863870653215	-323.7390480906864	-394.0917644382796	-1829.3977557070928	485.4823927825941	319.81630433304076	-294.96011804891805	-771.1199247460818	99.11518392881675	-574.9276475228061	Co
1303.7545805427237	-1801.9843081050126	2323.3593534788606	-839.2760662580687	1858.6569806013633	854.4553692007864	506.9718170227697	-108.99833157863266	1519.377308862097	-303.54133765676323	747.8180145787784	-125.67634905970522	293.18481883429916	-1016.5253648501629	-519.7440214188398	-713.2869104130538	Pt
-3706.9209827295385	-4063.7543613543426	2902.057992834448	183.07503148320342	2851.462071068652	1883.6830102894687	-299.8163164155996	1006.8356434615027	1306.771853809544	843.7052796322254	1303.636995642953	437.91485504040844	-302.1210503602664	-433.3037033098791	-738.1721664693312	-169.9492789299118	Co
-958.3579751687639	-3378.081637216411	-864.8635847570571	761.2893484853585	-2288.6475496301923	762.6923534854097	974.3849690398398	243.07321049153828	296.68139558436826	747.1798986437915	-593.170247332091	883.2924790873543	-964.9208256599869	1027.220519932388	-651.3019761012672	-465.16379976379807	Pt
511.8839171771816	-1292.4723720352251	-2071.654519190841	-2194.1677725229324	-769.9893905942342	-2222.4657508920573	-4.880622570979946	-1039.2622193912348	-106.97983383388542	-325.975531331486	-896.736707825646	566.1908772406329	-1176.8617036286844	-291.68268526928057	-98.25210158230574	213.45508575199568	Pt
-2422.896857238364	5639.020381088581	-867.9997461823355	770.6089963505956	872.1372220848298	1495.5947987475527	-470.88481318700667	-2028.645146885792	-830.4220585745619	1447.583574978183	-374.4536098707378	-291.9140917677601	-707.2470402372579	-1654.7891254276942	-1358.395154508368	-1141.6582798284524	Pt
-5861.0982738677385	-3147.3471920463558	-743.7840250980569	2867.476779824406	-279.1380814347106	1536.5572373646073	1313.0469203271605	325.35509479457215	-1270.6157752625286	-84.3740252103462	1762.9628132734445	390.0707202614578	-182.98282842983332	552.6165603098586	-24.600944194102347	48.9771755581615	Pt
-5861.0982738677385	-3147.3471920463558	-743.7840250980569	2867.476779824406	-279.1380814347106	1536.5572373646073	1313.0469203271605	325.35509479457215	-1270.6157752625286	-84.3740252103462	1762.9628132734445	390.0707202614578	-182.98282842983332	552.6165603098586	-24.600944194102347	48.9771755581615	Pt
-3074.6486038083885	6506.842978921813	122.00214120399664	-1076.6242445293608	364.42789218458125	1367.2314375032536	-1996.4476369586978	-317.6714068254576	1473.4449288533206	-1000.8982693439292	128.17089764816672	-1709.3923804726596	-59.99992378784624	-203.7376490622097	3.105848709967489	1157.8349433438175	Pt
2548.5874397559596	-842.4767880417083	-2078.298755102694	-2782.554070537794	-2173.899317531802	-953.4789862686472	703.2224460106092	-996.8148904552812	934.5115347126276	-1180.5454532322437	-1301.7100513716346	-300.3787960095172	46.19629021664298	437.8461008626543	-520.0491066319598	-280.4396345383249	Pt
9128.944223359327	293.0850885485426	3527.444157039727	-1026.9276015534083	2139.8956298678954	217.78491260755177	-1335.373120506347	-61.238100444600256	-1460.9279553865085	-584.7578384738721	-319.1884139042276	-52.947536530361326	-1063.556681433696	757.433311129499	-391.90172899461805	772.2407166442399	Co
-2419.5830975572767	-2182.0875600494696	-1380.909397706942	543.1640772077848	-352.94568608916757	-1946.8763362550471	-60.351703258285134	-1095.6101428819672	-50.7462526474447	469.47262389262045	-224.9277656390637	654.8868269791752	179.49736551136118	-226.92490182924303	-1090.830692035801	1073.6016036395233	Pt
984.4223500519034	-323.4933579077785	378.25000127434646	550.9611125992325	-1522.8223829181006	-1528.3797575193166	302.98834118580726	920.7455990933846	-646.4454612590926	1480.4782878439885	-150.4961998410948	215.37959496207375	2473.859438622766	-281.0537477129693	-2822.9612876703563	-675.2544738532162	Pt
-2151.9223271726423	6016.338021668303	1713.095275568899	-784.9520367816755	1740.1624701921057	482.5216914235305	126.67760012153967	-1490.4223808512886	-349.58964620298036	-213.0216031389844	-152.03997735865897	-469.73522010790487	73.53207068024221	-200.78759670165942	-22.172314724234766	-996.0806615631052	Co
-6895.319925458607	4192.227249970471	-1315.9825493515846	2191.500360498546	1586.7329487314428	-2087.431551963803	-3249.661986932902	5959.643876352876	-109.2318800515961	-2378.5230302957443	-3134.339559019362	2321.7818779846198	-1824.2605685117437	757.1359467359642	-1213.679029532446	-1175.737874366724	Co
-1157.1538895800377	-868.2876108034134	2566.4817525434137	-592.114302023235	-380.60996233754145	-648.9724295363732	2149.1853039749544	3.9105190869687316	-1575.6358689917467	-859.0630832842421	888.4873842678538	274.3617160512612	772.4603490042291	1238.2999230379348	539.5227583145256	-1348.4031502088428	Pt
-641.5852813057454	-3191.2715681632244	-291.85034058474173	849.0940680566365	-2778.3534385223925	544.8307865837315	268.9406262614042	637.795144329386	1028.009532010526	676.1443894380662	-364.6237369787399	27.289883371829813	-530.6907733759635	525.740614225535	-747.8596430585173	98.61934545531476	Pt
-4704.411349952907	-2365.5862943511934	1137.5276479242366	-1061.0225468937067	1190.9757069480208	-120.80962096374304	503.05921294190995	-1243.362334551263	-2193.2183975878092	-391.7599172491007	146.2177811277287	673.8039734045664	852.6202547396106	1464.345397410482	318.75782621401584	-547.6377726345632	Pt
389.73009418462254	-1101.122580157534	-2667.4273962445454	-1029.4426873934876	-589.4222317386411	-2521.7653822156544	112.39378798898763	-1054.1367949650685	385.535190965304	493.2558979422285	-737.1069899787725	1256.667595567261	-891.2940533100842	-505.5714683578577	1333.6558096315464	-194.99978124404055	Pt
-2062.637386416266	-2249.099020703706	759.1488331269842	196.1918304306096	239.37782107776582	-2335.130560956896	1384.3204805961975	-75.23560939602508	-395.3258010859645	-227.02377058081763	-266.69271632795034	-448.53800335621935	-1361.5399790016506	-127.32241076478199	-226.6431948940022	614.1207086610152	Pt
-4062.6730962182455	1875.284003450361	-700.5073301076258	2155.5815363563597	-1105.343966052695	-4383.890637292695	-140.29833723638063	760.6384537026205	-114.33363973634977	-237.19384726822193	991.8513678116092	-7.492792820678874	679.2832027442752	1387.5272681813954	-284.6266157619565	-467.56268200626886	Co
-993.5987412895657	3409.113053203691	-142.91109658694364	-1717.9675314017795	805.2918538189051	1754.6606461371982	2061.3960805563916	564.7735511407409	805.4166236667032	1004.3506543603188	-1319.0985025469142	857.7793168264371	748.5468561962406	1501.1124863266944	-254.0164716505465	712.2865586625011	Pt
-4487.562274225272	-778.9523733729757	-2708.027387468279	2142.0333830926174	559.6529555183571	712.7648062774776	1660.0299865533286	-1003.7293883025995	-766.8639798012266	654.2181871885941	-408.563274609018	4.838365593345891	671.6339359008441	204.53424144013144	-774.5516659588046	130.0362326086072	Co
3811.5899881722353	785.7000973241853	-3504.706422583712	-2721.5174994007475	1087.4447268703232	-1498.3943432376411	-779.3348924668421	114.6985467718797	1730.2922907574102	-1532.3895108641905	1413.0945215186512	-799.8700018646356	-89.28367316113646	-873.4215769806933	-2003.2645614010498	-1395.9401860470703	Pt
-5293.085147955083	-2347.1324110026194	-2171.741371169743	2309.9921377017904	-511.439628312783	3186.023565692085	602.0953802759823	504.5369276801159	1800.909758267638	168.21243062816544	643.3526649456888	455.4567217485474	555.7082552206622	409.8785825568375	-19.323058948463594	936.5547699599682	Co
3266.655274521919	-281.0722987559934	-830.881886976694	1719.8746965096102	3218.335374202478	-1654.2798182610288	-87.38379407621906	608.6900807861128	452.32556227642965	-660.0575617744063	1826.3506772657324	-31.583757100304446	310.6380682761728	362.1381681743568	-1150.6373393768627	380.4455527276102	Pt
-8323.947014420008	-774.4730246837973	67.620380411906	2140.699839025766	-992.2029142949845	2954.7401530456455	-2018.8404043008156	2436.6507800715426	527.1892486660879	-1466.4187166639947	124.88484868461065	931.9151074823577	70.22366623542769	-331.7030635736973	328.2895281959855	-511.4525093425055	Pt
-44.81180316570168	-2262.3054924484745	372.0469639744044	-1463.7353143344826	853.8671914892943	-1129.8176756149676	-898.2617371958113	98.67606578410387	-1257.7686958432837	53.97399189747191	-1188.6348203346051	328.23572090608354	222.02720136357416	-286.5292685306195	396.8232004305232	-204.46671154270823	Pt
5102.6158479835285	-15.206885565919931	2912.461504939467	-6313.713308136254	887.607399431382	933.6194841324482	-1033.098351339375	141.4987306130347	2219.27006618366	411.6562542835868	-1301.4496711235486	-177.28292270487677	-982.693333632022	-341.3593450711565	-1125.1503120072296	-773.7608753991581	Co
-6919.126962945526	-368.8001218572796	2694.959473373052	1497.738019407772	1200.7577597699822	2832.2325803918066	-48.187238619776124	-2236.4386687313704	151.0404695316786	-814.2391577698419	-113.4754635393926	-91.07729252406068	-1033.0921050397803	722.7664631605834	242.90646019867629	-512.7318376970456	Pt
4167.560810855385	-820.5163274744552	436.56768538723014	2453.2786775103727	2338.1067041379115	1089.2519893334197	-771.0973094756856	-203.2870436447475	571.4299873288674	1312.258391067268	1496.0213034435012	1668.371727616656	-128.84550475602975	-1712.6697882676697	-693.24591291789	-383.482020703621	Co
-2176.792337052724	-1980.1127351343123	-1489.3095619369772	-133.45530975901218	829.0453240034886	-1396.8457665390092	303.79169174204344	386.6108856134599	356.5167674399969	1342.55855194008	-921.5985274981301	471.6328870125836	595.5494719264505	-7.807082556839297	192.39090287864403	124.31423737054284	Pt
1906.0832944420497	2718.5604218716976	-513.9325539437975	3181.334032806544	-3783.4548348705403	1428.161370281337	1101.3329020112565	-782.4295118505734	1657.6449780865998	597.9990359154475	701.2672603930594	1705.9255369564798	-355.6637781248506	-54.144146908515054	890.0859720582321	1998.0972094088027	Pt
-2642.3396255630073	6061.8804896804695	193.8498474022346	-594.2943642735385	673.9183490272753	26.27051287035571	-2186.553868038008	-1489.346754528347	2311.7002120514812	1070.8832935680791	-252.7842263034518	1433.1771243161272	-241.72843898829476	385.27841691302234	247.7653297753759	1843.0932419458852	Pt
1609.2276135480317	859.1030671202928	-1342.2463582902622	-2836.7388854287847	-1954.601798552223	2249.851358611102	821.031362046604	1087.0351679248756	52.99879378778393	1475.7439047505625	1114.893924004627	902.6887166756884	5.501550930363709	210.6741730282721	-681.3462157555908	1158.5024160680177	Co
3882.3730665211565	-1048.6854635750435	-3911.48259570338	-855.5950487201299	-1508.2277953833811	142.0283649001565	-1230.2728869811756	-374.22304181540613	-1253.1794045673614	-1851.7289537836552	-233.22592249769522	-1303.0102860827644	66.32825396589381	258.69231590514295	49.17548285655744	567.5171235486673	Pt
8508.700698782408	-1442.2646140533332	-2877.452268251347	339.98571653454144	-4048.541389227323	2677.45810233595	-2745.5317951861625	212.02310613709963	934.4431047022233	-2107.0349160646424	-692.1766884208564	-1105.7084209102447	451.105088194953	-781.0411131505906	628.0479460289033	1082.5454149731481	Co
-6812.96761412733	1672.3941281505324	195.15253835997737	-374.21480463437246	-401.7949313832782	-642.162863692572	-713.6465511152221	-805.2447955663372	-30.561294573450027	-1130.5103120381902	551.3286596600498	918.8621066966833	-672.7566897718344	-656.4181583744817	417.19657743374324	423.78647586774485	Pt
-363.68870868394544	4770.884203299433	3780.454432726028	1826.191384452393	-2432.983381926777	-4186.797969942134	-843.2602010390561	767.6024820061225	785.4683249623266	-1528.7393773826022	96.51006648603956	-1871.1893171745066	1753.3673895992306	551.2092895465331	63.71436253215937	1258.2414876407272	Pt
7109.832130510911	1917.571019238108	-606.7082837601463	409.232257084048	11.93670235091588	-1195.2889768849054	376.592489782139	-282.28664286867973	1672.4047395629068	615.9088706161322	-933.1241320760728	2171.4690930397346	-549.7551391833571	-1190.9398679491637	-213.41241771700672	844.5940369759717	Co
-1282.419074565203	-1764.6178326709414	847.3505464184183	-2008.4156041307076	3968.3245374360504	-348.1811574326826	434.1478802050769	446.57155844997163	776.7064003050016	-459.7924453688996	643.9369987865682	168.44215836978026	-411.1082352215739	-394.29929336601185	-414.48206174728	-621.0559624317038	Co
-2224.428124214882	-2686.651575993325	-953.9028167509285	412.01719813480395	894.2368574195275	-2663.627954511466	212.638633229771	1145.3774084448355	-345.4644289122502	468.74678600109644	-506.8102860265086	-823.5721914273477	851.2754443207734	268.96433547004017	-504.0130030758526	-431.7005906248254	Pt
1908.6207633948052	-1622.3654428382583	237.037143989627	788.9882299380841	2410.1258279913686	-1410.324634949375	92.45362691314294	-614.8543069077868	-168.04313292205023	-314.713012903852	-1928.5322323428943	442.86260333142735	-253.68208080522044	813.4138766601118	-108.47486958113652	527.6575930939965	Pt
4568.809316642457	-531.6179892808223	-2005.2293017035397	-2017.8903587727818	-1966.3582031015198	-879.4949271643	-579.4478439402702	-464.9955213891372	1224.5755392592832	382.8930332094106	-1098.3307923299853	745.810991670184	-1220.3244503351182	448.2769677436384	-231.7706969267389	-828.2799447246887	Pt
1898.5764619156323	918.1511731483602	3026.4627385308995	-2967.5034166509577	1056.6368204221187	2019.5561114798984	1339.8153609738058	1270.4428330408714	-542.2251145289349	82.0994772225809	243.6839699135276	-433.5386232112292	-1070.960304611793	-134.9924057382066	258.64832559569135	1352.3143636446846	Co
1201.98401470458	-1991.2619081396324	224.4392732117092	-670.8654717908632	-2238.801544384793	-1863.0296823999383	-1660.1494172094328	315.64126665881736	272.6979076683407	-135.43974139652906	-71.83003096565191	-30.708273119628334	1617.7554792439485	-1015.1836655747868	254.43077567083196	1930.019206153179	Pt
1468.0935194468827	-1239.0211532251267	-952.6199168312971	225.25388796256257	3208.5698083112916	-2048.4789101694123	-884.9295032638233	-852.9594882095054	-61.130163111472704	-380.54358839086143	-882.8095469133979	-649.254256341314	1223.3625814582983	-125.75863311075588	1835.7546354845267	439.7609708833275	Pt
515.4742240278573	-1266.6828432010707	-826.839120347058	-2070.594192333347	-102.8380064540084	-1819.035009797055	-96.50742367341482	-1135.8759185439178	1089.4382040565301	-620.355533397518	-1578.625259897004	-528.632959760795	-1723.447553577714	-491.2306735624353	-1194.3793815621912	153.5252014310669	Pt
-5994.042808543205	2239.510049029374	-936.2414257383303	-1298.7238923624263	-286.9969952777591	571.6251339720163	-994.7643684819384	-715.3564842581651	327.89482715532375	163.2057464129211	785.3152446573405	1137.4492408026094	-202.5868456038021	919.4197593404458	807.4922483999123	-431.3130267238023	Co
4686.330177064003	-208.0794844624895	-1250.0836292979807	1951.2805814469843	2891.341855939156	2976.137547347718	-97.31350166314779	-15.163098565425193	-279.01204129648715	986.108409999987	-1668.9067015398787	479.4152816684612	855.0314324111297	1439.6614784444198	30.76267804649811	1260.7226703120311	Pt
85.50450327306356	-1508.027555190129	2753.0674693365036	1281.8675686155289	949.9792552113892	610.0166950897283	663.9939468845655	-1050.867847740172	-61.46960247606092	439.522792198328	31.605352891099177	-1136.168413088608	-1673.343327703078	253.3299320352504	-125.33139498573688	-1238.6608090537543	Co
-2079.5992143109706	1574.5171007049448	-1047.3116882539653	-2549.5409918725945	-2010.9085075050884	1537.663260154127	1789.5449625048282	-546.2709168497389	98.81399893447298	190.22731532355363	314.87073194183967	-584.3786890768944	-518.7832059231434	376.9527673892645	862.8678901411693	-373.42720235378073	Co
6895.730742181815	1643.5211534586158	-4987.38597314083	338.3479505980502	3006.5010376361156	821.8745383658104	518.7625066191055	831.7811040304105	1347.5112197371207	-1333.5989987638152	1664.7459420200973	398.6997431805363	2629.528129800785	1814.028709522976	-411.9949300492851	-1037.8125463028143	Pt
4755.225930268693	533.1884057476584	-259.0667651104059	-2095.336989594143	920.8126357058668	-785.3182467366573	-2076.3469840359407	-504.26221809485406	-263.9737763169018	1007.5298324831173	-712.599981278698	899.87232294317	2267.7439955694613	-513.0603138904739	51.46862104486395	-756.4903791233825	Co
-2287.10709750116	2654.4808327182814	1090.2857003201746	-830.2051514352426	-888.989446098723	188.55107195869707	-2765.9695190400716	-41.95316379323712	-532.358873998997	-545.8524897283163	-305.6308814872797	-119.11994702290086	506.01155220789275	2122.2333102319526	-631.825093515855	-691.9658074215948	Pt
-4481.055827062383	-3286.68185940894	-2234.0355278339393	1121.9243207543589	-1602.5127282551819	528.5052486401262	540.8216127236686	-1988.4770555557825	-1391.0153129710777	-985.8540075329784	405.0329939080982	734.9309400104738	-548.3335069795	585.9584520910904	-461.74086435825734	258.3841471793056	Pt
-7090.103989768783	-1814.1671959073628	2788.478131140087	453.66192166866233	1243.3069126749517	1404.4487707600952	2122.321158148705	519.4565513374944	808.9015285045862	-142.72518380558986	418.40450649468863	420.4931336806137	885.5328782427051	-204.38428657496885	-67.53574011200037	364.32730405462564	Pt
-823.3400501270901	-1723.2129125851832	503.04320674345627	-1610.8866805974055	1331.2400182695221	-542.2494702450202	-174.60636726851172	-276.79673141727756	-1171.6163642613305	810.562715399318	-508.1142013146208	229.79062176753678	-325.962123822249	90.93367272805524	-549.7919576468244	-343.2921921915419	Pt
7899.20879417058	921.7767499587511	4991.8295969522715	-2281.530437607003	-838.499897869429	381.32309600826494	1434.9471809036686	1660.1562060961319	-2149.650503434481	310.6205528701583	-342.8076201693465	1904.1105786208198	-254.4723920659395	1383.849946960154	-1056.3988195991947	567.7702810359037	Co
3264.1876605864813	-1136.7730983363376	-1918.783363016103	2770.3672073179696	1026.5282342690534	-732.0410340204104	-872.2726589356165	-387.33882816638277	716.737805091865	52.750354901171406	263.94168126117734	-166.8310145253029	188.70685932074176	664.1803059967899	-910.4785904026093	1767.925145683439	Pt
771.83954343321	7240.826203027981	1530.6236185198823	-319.26460978713857	-658.623882890437	276.7132939355714	-1376.5082520615083	-1531.8045890906403	-725.3526231187011	687.6847044155156	62.63191645382849	-787.2422139236133	699.0857852767301	482.3814219542503	433.0542781305728	-996.5921631279316	Co
-8844.877590475575	2169.0746005991705	-1137.9621336496891	924.3117193777346	-190.52621064294084	-2389.1398412851554	-2490.091173279654	4038.876366459552	-1590.9515951949538	-1161.9689487820906	-1389.0042065478492	1630.7836344791217	-772.937837221293	387.4784033745753	-941.9231321242726	251.8802888947835	Pt
7812.064187158392	-981.9826853979412	2484.1636199761183	1259.0337214970905	-58.2570818839886	191.08596604754723	-968.5375965896582	1204.7893971884635	16.688092137076396	-736.987529916777	-801.2630837156287	-772.5438150129308	3061.4369575001842	473.434724845837	169.99993218585956	434.9157433875366	Pt
-2012.2102381313966	3001.710713576435	-1275.264523068417	2428.9461316446436	-932.7786148646272	1130.6289815253344	2672.29278508369	663.92349703585	-487.63787520379054	-528.2018602145341	111.73836847127069	-844.102748865619	92.38548687479388	-89.63276451283161	160.54732462427285	279.42982331992766	Co
-973.6976903619396	-2288.8612830904667	1641.1384369957962	-486.1228960793174	3170.6275496339695	1086.0404092448034	-2.537605023067247	144.75538494035155	2469.808653891627	1109.4769125206478	-319.34532291819386	-154.59593536450538	114.88603108426027	-1256.5992384360372	-1488.5971060903737	-239.92705734784127	Co
-3175.0581967253343	-2062.4180585595027	-123.80048585145586	-483.5206115003345	699.0164095514486	-2846.9481682812225	1784.3929111130237	-14.778522944919239	-1013.3872888163356	762.8417782190373	-941.5499490240646	441.5881478482538	1341.0834847726906	-79.59755849343115	-552.5075514386726	179.54871934472158	Pt
-1363.1635429499904	-2864.6466641392276	1162.9731239381788	-1598.5307874522082	-401.3168187543944	-1968.042504561464	513.3273986633718	478.6605738388093	-565.1645339760562	-367.83974695701517	180.10122814900473	1056.4447935284054	335.9051203691843	78.76171142819007	299.6175422870967	354.11936129475123	Pt
-1056.6209100314368	1856.5884441466378	-369.6529772873609	-1690.1536016766995	824.7909895601824	405.49461065806906	1594.8861093566493	359.29914619182273	1130.982919090644	2245.1924204388465	-1107.813449677695	1720.6160534656794	-44.489177766599255	2329.3566291026996	-56.424263388108336	305.2050394527707	Pt
5633.901042597392	794.0183423530276	-4910.265822855716	793.9397827627125	1789.1407873745006	946.7425057015898	-1838.29347024338	-200.8919243110707	-305.98443595982843	-1705.8756742374155	2767.3404553760815	-254.56530843830555	2330.5819193032685	1473.0427755054925	-1268.4594402430764	4.8017435243165965	Pt
-7412.907636752459	-1739.9190185178552	1625.564220156684	-2407.248984478781	-1164.2589967612357	-736.0560804746303	1239.8804544688094	-369.4642182280771	-494.84853344706806	-589.0118769865873	1166.342769209759	400.67279698346954	419.1378906121905	19.770579712555353	-217.02997829884652	-177.95109961589463	Pt
-7194.794344914517	-1451.7783407313061	3074.636133037225	1125.500046820676	1607.2147017140992	642.9403469676042	1493.766166808617	-46.10353277906653	1057.2866191688415	92.38509621530727	609.9599137469935	320.1090964170398	930.8736849315609	-511.69440856965895	169.85217777435864	-292.89460697703333	Pt
-994.4006401758751	-1964.282517972246	-1508.2308327022192	965.9521739159087	763.4897351388637	-387.6695748605988	-261.87799633105413	-883.9384517210178	244.30559641763975	950.7804213628069	-580.2609040372113	-1155.604684147913	737.0423297699365	923.6609119672023	-410.0621977116734	-157.81629148908155	Pt
-3473.6317420113032	4852.151110954716	1150.447677028957	-421.0459157877396	849.5601615231474	-2.1024654660835127	-1231.6245639741937	-1567.3714749654887	-226.35770833624971	533.8789667497903	-261.65987439793986	-1300.180027275204	-535.7880292493181	-597.1386335401282	534.4789884133128	-5.723240857746994	Pt
5560.4480064369	-658.9577721574366	48.33336202642777	1658.6533150745909	-1962.3097810036775	-1833.4364501682562	1271.1707342054654	157.5247057870384	1022.7364327655088	53.52906870435347	-15.085193292474006	1027.2417618573631	-81.10728403426938	-995.246550048882	-978.9568997930206	-521.3516765913578	Pt
-1088.514714542793	-2227.708034692233	-1842.004272355811	-3304.944044724565	-143.6642469919053	248.27782665466253	99.4883248772931	-705.1237586179287	1046.2762547844766	-1759.121154719907	-739.4415770272882	-545.8734555826654	775.3786456866397	603.5008476541504	-89.88686694378484	569.09298517748	Co
-4032.0599933568715	2215.4331318972836	-1216.7893767172195	-1914.5724450709706	-934.5244717894968	1251.2900283687925	949.1453364590582	-220.7400068711867	-110.06830086115193	71.53799332787632	-336.93303443388425	-2360.186527899531	272.70076666687856	-631.3881576483117	312.1243708725963	-993.7175651979975	Pt
102.3731717684414	-3525.7971164959463	368.58976099067297	3964.7887552678253	1217.7563458285188	-108.12897632881364	270.8638201562685	-846.2369329783621	-1074.1093228871714	-988.1540091931838	-1097.4851454658067	-623.6258807812821	163.1521883681341	-1111.4990621360394	936.1423958612809	610.9240425446784	Co
-4086.4076973627057	1501.5712861635634	2187.008280018014	2980.275154184684	1537.446395369981	2445.8157041887966	-878.6929729120185	-2063.7943867570466	2106.9787906455686	-86.86445157435442	1546.7858914414526	325.9214294312964	-184.15947968909686	-1414.098881979032	-93.8272492139576	-275.58943226190604	Co
6.575349272206458	-1898.3502199803197	227.14831163432257	2685.26611665909	859.3366512423877	-1710.4217909303961	-844.7843819820303	-839.4135172258794	-542.3727334794336	1346.6999830594734	-818.6359875546752	-1044.6932392446565	145.8870556780734	940.7169921888323	-1171.8002273930438	907.2105475356718	Co
-640.9825378096607	581.019736744918	-283.7338142005095	-540.0465352959559	-2874.5217461742736	-1001.1255202023807	2114.799680963393	319.3777063255393	-423.2714663466149	-410.1732680974089	1173.6014856204883	354.10308262195923	-394.54637716295093	-569.2188273598855	1622.135980138233	749.3298602961972	Pt
1024.3165143365131	2636.089957007594	-427.68926713600956	-3259.448394566076	2906.167721274452	-1305.240659854219	2952.102687260893	1131.3376892975532	152.2100032370558	-1332.111063496606	1132.864592390952	-1745.4095419403618	-717.5476071376404	-138.9585159328491	561.5325478026257	1682.2964025828944	Pt
-293.8309354402162	-2075.587026522424	-3932.9424331015152	-2414.4540410911136	-2857.492202263218	1942.0997652038923	-744.8409740459381	-1546.0941779103844	-141.112822686296	297.3899185908887	-808.1317628653213	-90.09047159784807	-629.8224377531698	466.52149632885045	-1136.6388825021406	-180.31559782131944	Co
3151.69205609708	-1551.7546501153963	-27.368654466487985	1985.0186770125415	-279.74826166638775	-885.1080142943816	132.681758912317	-355.5690756602297	841.5525040098371	-1613.9306902373203	447.17868193212524	-71.06549261601826	-1181.281922302374	808.410768030918	-349.95563372555785	-426.36374787095116	Pt
-8387.164682470031	5952.640380488531	-2250.70242997762	115.81232155038703	2700.1797174995813	-112.94438277585627	-3425.238432786265	5565.362299396929	-1700.052857058412	-2967.2744731480702	-3541.9206557260045	2462.794939056455	-2143.9959756363114	-280.7994248241062	-910.9834408957711	-613.2958415149297	Pt
2473.810714260902	-2854.8142384786	3112.7052232600204	1719.9461648201025	1308.4273305777995	1109.3971086336824	-322.82466394080996	1271.8322667399386	958.6439673715776	-1062.3556194075445	1961.6804642166612	-86.64202450631201	-632.8942760538971	-1295.7464253321168	-575.6937322057966	-970.4654213651336	Co
3020.233004032781	-1810.2479509479895	-2160.3010138404056	1899.8428222448692	-2815.3131030692316	492.15450529548826	1233.8954941609466	1554.1962334836792	2855.032191141091	102.17167412757087	1453.697753900965	-207.44064569758544	-1808.0925114253216	440.1851977604547	-133.39063581206716	314.064933945123	Pt
3479.0308238856614	3071.8946074946693	2159.889994433926	274.5933447707762	-3642.4003958740636	-1492.1524303909955	1225.3981056886619	794.5954152850732	-1145.15377422083	421.2000616619111	15.915516548645543	-789.1282095786287	-255.96910703792796	1980.370850272348	-1196.566804567163	629.1019091786401	Pt
-1920.5492558921976	2554.372840421569	1557.2699142812328	2495.2857410518136	-1858.6273363105452	174.90611049210133	1616.0127401229645	572.1006702811165	1009.4135524663513	1182.4036779409598	-1236.5139142089715	-1812.616330628146	-253.21094547628073	-1384.6797253274237	26.451049880833445	2152.959134248458	Pt
2984.9937909082555	-2757.314608274499	3260.5054272825087	2209.4403083848692	18.252317436576924	-1566.7247527985724	-450.0843398259278	1158.7325152082326	-213.9555915208044	-779.4227401321813	549.4588355607023	-194.59051415024857	-81.01713490027034	-437.83474534055904	2024.4394711486261	6.1564098378341825	Co
1980.0043178173737	1709.5253340030238	-1212.1044227380548	-147.0139544645334	-1129.920054574493	1387.6375210947372	163.9452968354503	290.54847223539804	-3383.6775567844916	2141.084328560405	783.1706911113896	-1642.0927917340618	-1329.0349872803954	796.7177725317558	-491.48905398964564	-349.8362143397983	Pt
682.2630914850604	805.7674974675326	3205.401044650827	1581.1222953754504	-425.78325808702914	3628.3655187066493	169.28643653279983	-441.15440864254884	-387.0179974102916	226.83361913439643	-2562.9201091079995	-1366.1397489342498	-1160.7025022253397	-2059.071608624351	484.7023103457921	-275.4317292845689	Pt
-1541.65516015226	2720.1822224415764	1281.2502694499947	101.81812438162095	-3038.009070551689	-1413.8881177841508	-955.3873176802189	-497.61182125302105	194.157492049516	1802.4617156204413	578.3900565915973	-1348.2476431249459	393.739638394039	42.11663124831525	-333.9731287046603	453.2155567106836	Co
-1616.9229144147664	2234.9975844759447	976.2802827246602	-754.4083196188658	-1645.319218285298	-14.673185699928178	2129.688558039453	1054.919730015385	-1610.5208629657386	110.57724845365713	271.5779899921778	-652.4176668364046	249.54350412856712	-207.26186457193933	443.8958534061716	659.0866332279785	Pt
-3127.1483853970335	6351.210528364743	528.5543992137971	-1834.2461453333683	474.4463742670617	-908.2076877145354	-1506.5366190965415	-1393.4817031342327	2119.8365485582212	-1420.0643423764377	454.1039068842973	1323.4424817275915	-44.2289515838606	-68.5156313339775	480.75392175359224	1682.9765511426554	Pt
781.0658776017668	-1698.2466037907286	355.70250757118504	-2165.740579999293	1381.233060191552	986.1639060677405	-496.26761804118183	1113.483093597524	2206.1701967994472	709.4737509987034	-1740.8690862372514	-475.55305632605666	-461.1043374220354	1471.1743644700405	891.7881499460859	-955.3134888013315	Co
112.4185392658407	3642.5925295776783	-1626.020556522002	-2495.881631235587	2472.214013898387	2093.337673331483	-401.13452290865166	1184.1478078224334	-1394.056426683565	1694.7581778766212	2059.1715924889627	-166.41320529456056	-1139.5353168619374	1080.6878268161588	187.26060761789225	-328.17563082320623	Pt
-6321.655303367691	3196.363945037024	802.1509204392258	816.9395700611233	-1286.943253294553	-1728.726090128755	-390.5579898754243	585.5521257748944	-633.0725587839937	-1053.2045685573225	434.06863650151695	26.774421504518603	771.2448667646316	415.56986418785306	30.828083399413387	152.18046836567157	Co
3362.651954427908	-824.4161142560273	-736.5865024312161	-801.363903146463	-1234.1063880174056	-1145.5449564335943	-138.6153527156025	943.1418175001056	1729.1576535789186	-1077.8533094552154	1974.960855633001	298.061037543451	-1082.564407238692	-362.8405938929755	-129.37621261815184	-947.6436420258717	Pt
4975.466279931497	-782.9117685379047	-443.0083927544166	2910.372385254526	223.2825947627579	-1926.9771050581744	-564.9981787769527	1997.684825882636	-1613.0140249980984	1213.3889259098387	887.0563062585859	-4.3944474406686185	231.65758501968438	-367.14005205915396	810.8952599720964	-461.92572931311935	Pt
1764.5982996860046	826.010999320958	-3116.1450411287205	-962.6836517811535	-115.14866653149937	691.7739516419549	-275.02575222437457	-895.4761286917555	-2414.438258251131	1349.0169500375366	395.25755277488884	-553.2491232493861	-1183.5976588310057	-467.24444960244523	-104.45607634211956	2396.314398943414	Pt
131.9691413162097	-2608.200628143584	4159.566268897888	-1849.5620974671292	-441.47624071675347	-434.32284025336935	244.01766573501314	-1267.0753888750023	1763.206068424749	-95.78612734529602	-456.5061372447713	303.263366945575	-1446.8329714484973	-2129.8429043157794	-820.2948949978752	931.3485204721374	Co
59.95323723820174	-2763.3022917695594	-3416.3735271504975	2400.547631990622	-56.4864907982267	2779.4728825337156	-1087.3399166980178	-831.8128943467555	-789.2287317636807	38.611593770620345	-520.5226754354893	-199.41195593791022	1646.307741323235	634.5039728789127	-277.21727258060474	-458.26120057638946	Co
588.1810664709418	45.40723750438841	-1393.7031293369232	-2140.841606706834	2810.7879933803233	-186.77866602468376	-2000.1268458577888	-314.6259927700147	-651.6895463444811	2173.5054316818378	-1066.6483935600918	247.66060934748364	376.6431756956942	-234.0654357262366	553.748065485613	541.3271416668123	Pt
1603.4808084768276	-2313.496733839487	2858.9370717575293	-1854.0827654443103	321.19644901355537	-1330.525934283502	-460.6962762805319	-11.640791568989997	-1617.2020717657895	-436.6057278161958	626.781136045803	1158.8826103137849	1038.2476693560518	120.46467220012234	537.0830221131057	-257.04662849031905	Pt
-4821.332362071849	3291.1526466648884	1240.763664441075	170.87226915948492	1346.4157559200262	-45.441577321492666	-203.81939261960332	-226.21437001738002	2129.5091249881475	-395.4586353169024	-247.44012831511617	-976.0641063640845	190.64823199197886	-603.0122610859173	-726.5995027968719	1694.0510771907493	Pt
4138.946043488385	-2468.041792386232	3598.9255785859546	2449.625151562365	136.4499667742289	-1647.584975511449	-297.16286631048007	1497.8058929171057	-669.5811847437781	-736.6759628810872	1249.5946825630401	-142.02330646325086	-162.072391565281	-2112.953970150191	2120.443519191138	-568.4800685308221	Co
-313.01045411002275	6637.393544199234	780.7006246368355	1664.9598094918592	-1791.1822248457815	1643.794780595985	-2478.069876025718	2441.0143101944664	-865.3308330580822	-777.8406922453839	-2150.9692595182105	282.37177502725007	-1646.718393863073	-1309.27771434385	952.624261067183	-2250.6516183343824	Pt
3189.6378908834595	1154.805173171427	1028.6996879584083	-1522.6148764542106	71.57936416899011	-7.6466867126005456	-2183.659314439764	-465.6897896088887	1615.8186560490117	951.8419598749948	-2637.556241185549	-1528.4424037287067	-50.437765500237255	-1652.641318358787	1727.5395655926288	1288.746625192174	Pt
-2378.499424147	1732.7968181372946	-1432.8034988275303	-3568.9702177597046	1216.0279267453484	2065.3472506178114	3324.7974661949766	913.8698583786255	142.9966403784015	-411.0037451183257	-213.22383050974568	-746.9641730105897	1063.0126092919775	173.47724009667894	817.1453805135923	-1043.9021296573019	Pt
-1281.5939363693303	3334.0018371837145	-1433.389765816827	-917.9492492129418	1870.0918643949658	1368.8297269030775	-1239.3806985920367	619.6462988539457	-988.382555011653	1555.0786869486465	853.480508479898	-2009.9286392705199	-476.4756090365831	-301.01627267919025	-504.69082735910916	-204.88231973994837	Pt
5180.963323971986	810.6979882058616	-3383.079929228206	-3198.4000549468387	-59.67255644399705	-1330.3741372314394	390.27498737206486	-2898.034703408091	1094.2498747927496	-2143.886577448439	-753.2713401733232	1103.6304946248626	-1436.3554240510769	626.5047930676519	389.9953956502883	168.03328185090263	Co
3004.3421250440297	-1599.5387968695136	1803.631209503778	170.98382210314423	1758.8626834796803	-1445.2033153440161	-104.96913035610099	-155.87252310833662	-146.32968680886088	-2009.1977204237442	-304.0040653722855	-144.19573187211978	-121.527490375343	301.1384185208949	355.4316364443683	-492.4515373608573	Pt
1107.0130597563436	2182.791706138859	76.05746525105435	-545.4258245288704	-2329.746485967952	-2969.314335655344	3055.3349394475254	-359.62158582576376	-1545.6220187246201	182.4712560663072	-1823.4930354544922	-515.5311665388916	128.5634974414305	-511.3928581944123	792.2808892615083	-321.2379604627586	Pt
-1159.553345622737	4807.3723293120875	-2700.581475869309	-286.01001462517314	2451.1136275218537	2670.1207774758286	1381.7524012787403	692.0799287282584	-721.1142001515453	259.2236491555809	-1697.9290885294029	-1727.275615591864	889.9826613571737	-1367.5976362702054	704.7645518012595	-2092.7511724911083	Pt
5279.150598283103	1690.956843442891	2263.0857109596895	2845.0689565707507	-145.21510472142995	-1555.6031991805116	100.89311741463742	-45.89509704837171	66.00723483034666	1490.6482920096903	64.24287372754883	1893.1493462128835	-3507.855373135229	1252.356183646641	-1128.8930223530117	305.3207096851397	Pt
1971.0843553838874	-2793.0781765723286	2927.410258341083	1050.8959715448395	608.4534829406724	1413.859521216996	65.80300788793582	950.2598355034411	1695.0281917977077	-511.46048385721053	1623.3440474390627	78.87134256547918	-584.3091858098385	-1441.1976368060368	-861.0354187497289	-756.0155119185195	Co
3067.86755471079	1675.875088646034	-1062.5168860803421	381.8894384245179	-126.11110109099342	606.1600707415118	232.26790603630354	163.7852892592261	-2755.499613358099	3357.599041064031	318.52946935818613	-1785.3378877104726	-1703.4494754803632	-0.46692703527338053	846.10992861183	-784.1493020098567	Pt
4602.981253494839	-429.19054233822806	-1079.6010486043538	-931.6320232992922	-158.0585877115142	273.15117020556005	-2629.6581555801395	-1353.0499563860765	-2349.565776881947	555.0738596291891	337.8212356749262	816.3539046993197	-1200.022462061607	1109.5497483255403	1782.5827739887707	1040.4311954143159	Pt
-4758.312927650017	4374.525047020608	-409.557059053965	879.1655095877751	750.6258886923974	-1253.00294339894	-2118.3562341241222	1334.4207479981276	-86.99619629949171	308.8284444731385	-629.3248533970386	1164.5289814619882	264.4488207285326	118.09768709806568	203.15659646364645	-1320.9111683449723	Pt
403.68863728021165	1788.616208057229	336.47567820672987	-1185.1684079822078	2882.218495268324	-3619.328036393864	2856.1882456078492	1000.4709015114048	-109.70063387389608	94.702239826371	1433.3480025405302	-2127.984591345315	-234.01799240213768	196.52376477432432	911.7456938257898	1076.5463515783672	Pt
5349.939436343038	-758.3360941664445	4013.1902116065276	-2743.092682023992	-1200.0306634648912	6.616597253653536	2009.5832010960844	2443.4986429964783	4392.813393272036	303.67782774865316	-1289.8810358214384	330.4780384129392	96.69868157685792	1961.597974694811	982.9930100501941	-1798.5827224123345	Pt
1110.1037258504898	-482.35221147317037	-569.1000595678807	936.0115747728881	144.68075415911463	-2813.9860232280325	2181.081928552541	-139.8697783250972	-287.01572208057144	638.3998239412979	-499.0710332346972	-465.5764025783009	-316.0991300691011	-836.5821985034936	-409.70086052020963	-309.0553746574662	Pt
6868.8118015689315	580.2637914751341	-4490.942847968274	818.1258111822482	2103.1570316691214	271.609452824775	-1792.1880160219832	-1039.6156385153297	-1856.2193053980359	-1232.7600032645214	3693.7751552394348	495.2210666900295	-1924.4920464931602	-26.616084885007847	-1443.5599312224451	277.07954720811443	Co
1825.7989432535426	-1404.6868389664394	-1185.7227945587597	1341.8805031040229	-131.04623298118088	520.8587472080096	-124.6243919369692	-58.652867477861776	2579.7566383720236	1115.7749994946819	-1317.869527562194	243.77701887249847	165.58266688150536	1075.4328155360172	-244.45468715136138	6.125354716776178	Co
-605.724293258554	-2564.963856526902	-573.5539078119738	1053.8093722989368	2259.8605366669544	1373.180733537751	-21.65528554331933	-950.2266037016758	1077.5711530896365	286.0111876692473	-1631.3372675943763	-738.5634372965397	1078.595294472578	1457.2858800586844	6.558822896773488	-301.1123668463002	Co
1582.516189052863	-2127.235487265197	-161.84223367551058	2539.887159523587	117.95907514521188	-938.666412320138	917.4649500510619	-148.2414201202436	464.01931623778927	-907.6797256985021	-418.1099091662764	-250.64489872639822	-907.7513192547095	382.9396608995707	-384.99595140887027	-1255.3130962499856	Pt
2243.866699182241	-845.1054124965285	-1352.2129795778187	-462.15116410355745	-1993.9867660617506	-3993.1666671213575	670.3401636117459	-815.6375108374698	-761.1767459427514	451.0318479865458	-1231.6305901392643	1232.0281115973135	-475.48548707515687	-1213.489974924092	1541.6305771735458	-60.385320939274585	Pt
-4230.627521487584	1838.033586808305	2895.9351179695454	404.297277360765	-2068.505015933808	-735.5381556204267	-537.7504871119592	-372.44222027481806	-197.62987326192177	-774.7615107032351	153.70752643090444	245.65838944633762	-372.92046342444536	-623.3794171886641	1235.5262991929606	1904.1616384929137	Pt
6594.033017266206	-174.7093277053739	606.0403730582909	3998.9852270215006	-1511.1613498682686	-1908.1913106036413	453.7697888638653	-992.2744386188194	432.68678483932047	1198.4316770118246	-1119.134279510192	1970.981717476629	574.4590705434331	809.6394571255119	-655.9689723017946	256.9297979401337	Pt
1646.79910131115	-3002.9045671269982	-1508.467790178185	-262.089767760497	-3860.8400036702633	1324.05851019127	-183.56259820130578	-516.0019521956178	56.48346902639084	-2086.105922747639	373.2278782587786	-8.187528474723319	95.4650973027563	638.6288958584679	822.5601568430786	696.9836418311398	Co
1406.3671082545648	-2243.7182630492525	3302.6301280197363	-1263.643441254778	474.09406176502495	-1680.0800488419147	-620.3937285220911	-1144.8244834762627	-1697.5188256467525	-597.021300762655	106.55251307481849	1869.5993368835175	738.4476834722025	-670.8554042433958	300.28486337086514	347.37200623602934	Pt
1383.8767744022082	677.8682223973125	3958.4450495812684	-504.18175506679995	-1361.4045982736998	130.24427551479775	-955.6425473485267	-66.96257513799533	-838.7312467860012	-853.4871824847074	806.7004484389482	229.12540808864065	-434.94139806749996	2058.8112472270163	925.0939065303601	401.0065574373415	Pt
4190.544387518958	403.70585702205335	-1980.9647819792215	-63.48069886404407	246.19307506127865	101.22899867650244	-796.2557613384845	376.0473402205278	-1949.8099110360295	2686.5975465165516	-230.3367093240073	-2386.009031369725	-1111.869359251058	522.0551536271894	826.0235181208457	-1198.5079584876244	Pt
-6919.126962945526	-368.8001218572796	2694.959473373052	1497.738019407772	1200.7577597699822	2832.2325803918066	-48.187238619776124	-2236.4386687313704	151.0404695316786	-814.2391577698419	-113.4754635393926	-91.07729252406068	-1033.0921050397803	722.7664631605834	242.90646019867629	-512.7318376970456	Co
2431.1751768566237	418.9022274135841	1723.9314383368521	-3377.2044078194963	-469.7648749737246	3020.877312297313	332.14598136369693	114.82433341117552	-918.5946136955738	599.9011385078163	2450.9797920803157	-943.3815435468613	-58.94649135997392	670.8868583183133	-687.5288939180161	376.1635425391203	Pt
3498.022882692246	-122.03904018607321	659.9596822876282	-1529.4768914158476	617.9163103332262	68.01845784812794	-1037.492227096406	856.4696694801396	1971.449955981553	1715.765999145392	-1610.4684277349184	-2455.4013876125973	-1257.1217739462923	2479.400216925088	210.18891937471545	-1931.1916414422667	Pt
1708.5013651768752	-543.8097164765703	-2336.3162818036735	-875.2568799919354	-545.9185103259264	-317.0132420559685	-1908.0592489442613	-998.7612227295091	-347.7701870492942	-1020.8891263583491	547.7641938374765	-1996.4129265370545	-2031.2541000418307	-671.0701118449832	-1300.5755159500648	-287.56566602441137	Pt
-4467.742712999983	4902.884078639309	237.5602946252418	395.6132390943789	422.5373686098547	-632.8277286166101	-1314.602913811788	234.5554168184398	503.25239992922394	327.6299975144983	-209.3227449549908	-551.0828726662043	97.8843177143319	-236.60278589230785	1174.9053898556917	792.146567708447	Pt
-986.9979020177254	40.38534179213571	1156.652318448098	-1519.4955307385344	4957.3962517393375	2134.219425333593	277.2740078282985	-92.09944471108756	421.9503170813469	-433.7830563349119	678.9754665383892	-504.558456971546	26.210380821368975	-921.05410249271	-1530.9402566500873	1393.570069761403	Co
7080.698357348069	-1769.1587572419994	2930.513387392087	4065.5547835402126	1858.3262255846746	10.694124619553051	-1675.8354398751976	2513.994597472175	-401.043759613739	262.7353918959868	2422.744983962618	-658.8006922961088	1458.8617598187286	-1254.565310495776	1647.9105332480185	-768.0808460489515	Pt
2942.083317717504	-1501.1479253232806	3092.2645550775505	-201.08746697484747	314.7262118528893	1451.5775375079984	-871.4213661966683	-3009.1309557990407	-899.0668180643488	-536.8830123662926	-1272.9562203419957	-476.29600547779893	398.0076163016997	61.58016051076345	-670.1476512334333	-910.4700525761227	Pt
