0	1	2	3	4	5	label
-787696.7333128658	303076.44188262324	116483.49103477522	60357.601705783374	-162182.2389002747	-247844.16569139957	Pt
-182914.30164868265	-231929.65614425743	212288.02272462714	-32715.374079377714	117442.61262227573	173016.7137852082	Co
-398600.4684962232	77144.21329044408	126260.67825771049	28294.90845138332	36392.440874571446	126178.28974520763	Pt
-514115.88318510575	192555.19915877114	174524.55825011173	37294.93954160401	6623.359316427656	122376.34547078541	Pt
800583.4228126892	-189551.35980478712	306628.6161083705	-438463.8130034866	288645.9845493079	-268091.5603925996	Pt
-357582.865107594	47919.50752160678	169610.0343443972	35937.113155947336	-14610.042949007808	108032.582765248	Co
-778378.9256167818	300425.70850589423	109678.46626087885	58597.145516877295	-160239.01694818275	-247564.25925164516	Pt
-784525.0526960484	304862.1694578886	106539.39018544379	55487.3298067117	-160179.56601349256	-254405.02643978142	Pt
911551.2617275583	-183457.9045567004	261037.4269882761	-515747.0563834912	377682.4939903162	-291678.8468084438	Pt
-557498.8713782891	221162.7602510431	143237.50389642306	64771.04416386941	3084.3646273596783	105267.12160077984	Co
-542790.4080245498	241377.7835468887	57437.4081282077	3799.5669113395516	-53215.22329813337	-209777.0540277759	Pt
-409864.7967265342	43430.55195212053	159739.56533162476	69781.42795129567	96865.29690290845	40664.307521227245	Pt
-48698.74375581339	54963.42837541674	-514661.07657103724	-215667.92727221275	6028.862371461067	105209.78009814762	Pt
-321290.1931087961	-4684.306191718371	17590.629940253366	150162.1770315837	67980.42481404013	53616.76930955973	Pt
1188459.7465323887	321659.99220939586	105793.6668838062	-277441.41154559073	-416425.56561248464	86119.30520995552	Co
-47227.217485160734	-118429.05225450499	-630976.1896697272	-125602.78121397077	-118703.14618332851	43249.74920380494	Co
-376064.9945573769	91812.92828142177	217608.81094671533	55475.43359050996	97488.81347381996	38998.74237061473	Pt
-445285.9532864547	134523.26402430367	52291.48324321777	84863.0239751131	-47303.996634505624	-135153.12766019782	Pt
-596362.3996514421	247746.9129975805	85180.2916141947	34676.33502116696	-91964.44077958942	-194645.70274025432	Pt
585149.2988161084	-665508.9365837274	330958.9777980665	211013.4738271743	-167693.73479731736	-357637.4912030627	Co
185879.93927351464	-586216.5676269911	-371458.0039585402	59844.864906787625	-215656.14653560083	-218822.87229118907	Pt
606958.4472060568	-436885.92205188476	302943.4287799658	343312.3444611997	-343380.47994363477	-438097.0425017626	Co
-67393.1927074798	-9116.812185059867	-530838.1768644252	-170841.76125233519	-60096.41656992209	114320.87655267766	Pt
1198776.4147596965	801316.5972691183	-425490.1754838897	48934.42521183796	339884.8056210917	391387.34831121506	Co
30765.34300450043	-281598.1606274522	-320714.7918993897	-80821.53004378617	23358.34574403102	-14216.319970886077	Co
427234.05976075644	-486591.0142436715	863343.0444802737	-55851.68203338436	155940.545245453	221317.02830823066	Co
139760.71690636416	-210497.05639805162	-129469.0801054627	-383018.8531625145	268611.59747439716	-131288.78139631482	Pt
714478.217133714	-688391.16628746	616900.7829619033	163705.37228027903	-37349.748886907546	379064.6092195868	Pt
-18837.663671995128	-315412.6321410637	-562513.7248884066	-86933.47881192055	-190631.01449022774	-51557.71961520565	Pt
-275368.45518683287	48336.361930783496	2826.098468084674	50023.0730874317	44414.70392194918	79521.04325611159	Co
340327.8674231347	-331760.2843658413	-461779.7567003947	-172981.07954988198	-189996.42298644243	-60982.27969548698	Pt
1054670.8082273442	595373.1096834764	-194939.70128941236	189389.87316914133	-836809.9898782654	273394.68307619164	Co
-558847.144490318	212445.57372915457	44287.855286409205	15303.51494022892	-91780.56090992423	-192235.58350277622	Pt
-666413.774415863	254332.4410989373	113787.38377737309	71478.86544276448	-107150.12981842396	-185090.69402081572	Pt
1133038.8967116666	469808.91073412093	-109831.96449322609	355953.57659541606	-705885.6278164141	193167.07147517998	Co
994342.134178349	96262.6518212703	242879.7394637545	158575.3465455735	-484024.55809211126	-92975.51438222441	Co
-536000.9653212521	216619.9069218851	113631.71273402644	13277.554262344454	-18648.497914413307	-154519.46414968252	Pt
-713681.6970570901	279231.65621042415	111466.46128931202	57360.82185602816	-138963.4568740916	-212096.45127873545	Pt
-433269.12913288426	214818.6378875494	97120.93212163806	-63094.66462236833	-2919.209631839361	-64316.89123128583	Pt
-353926.3637276091	-133588.3570026355	19296.618487587843	-97703.98651281498	100526.8146884398	410289.40575923945	Co
-283066.25130632235	-33829.48077405618	-69953.63846179769	176454.1484486783	28342.181202976422	11652.104291325393	Pt
-290627.6181930113	168112.7123803946	-11505.769925142167	-72835.31302056661	115133.75144318742	-212316.08330878662	Pt
279888.8156618836	-173233.92743290256	-250781.04318812772	-498101.13061300706	172759.59509623723	-125615.8217676085	Pt
-323212.5716214708	-12285.567242765832	97973.78930224015	-80326.61992384483	163408.32145109284	392642.7469177283	Co
-243969.96663852583	-276748.2115448108	33392.346324334256	-109489.13341488068	128485.3691190187	458100.218694719	Co
-270261.8389518915	49316.093081321305	-143026.9030516659	53027.78998674921	-10212.967339963632	16967.895895504025	Pt
360868.1178144682	-548332.9483679909	156138.87917091034	84252.05265205093	-269374.58447212627	-203481.3117647249	Co
-46735.81617818577	-535781.2303673188	-216183.8072079417	71129.84462083637	32553.676332641226	249687.63748618888	Co
-559273.0594339779	76949.02912012492	75931.2431486278	19691.70061313482	25356.770663840904	156492.76359487794	Co
277942.10239727295	-633304.8873887616	-369234.97104065795	83507.8064294534	-119158.68339550187	-73839.68257477658	Co
18234.014704488018	-395079.05681800214	-57026.04077533179	110154.98047998415	-99422.66878403397	-86765.94288899055	Pt
-469176.7590983196	162868.84033579603	32213.60790963848	60865.83355100617	-40465.52347783456	-159159.3500282499	Pt
-414330.836245174	21882.396489705574	153380.46571150998	63867.02497343834	155884.71260400204	246122.96564444012	Co
44775.5197577142	-585546.0696353673	244372.03399023556	185426.7827052258	11669.287680958902	83920.6176170873	Co
-78200.347337566	-19051.62309711564	-207203.66596550163	-394466.6288110514	242077.86844777522	74396.4612173167	Pt
1050627.6689759456	241081.52682626547	295330.4643655771	-657884.1657932521	403516.34487798315	-400942.73315114004	Pt
-149581.6886532851	5736.3204406630575	-271759.36743279523	-254331.66426198452	131672.85152662807	132341.0375191349	Pt
28229.20535363847	-290316.857838947	-383198.7933231041	192787.93573154905	-151812.16443247587	-30644.88939183103	Pt
-463181.12349153636	27257.00950416664	143180.37259932357	68317.43478035709	102706.78477093519	197759.27715919018	Pt
-339337.3137488878	134383.4771159508	-53018.25879001798	-73686.66727414446	-17769.541180314995	-34058.60450463342	Pt
1224449.0625618561	609552.3040195848	8574.247644581435	-328563.9140521163	167748.1472017522	-131795.88172274377	Co
-215809.64614797232	7923.867399212577	-168698.94139040305	-262065.35763736136	207363.97142368965	63968.474023791154	Pt
1191896.7341879643	570868.9026555854	65328.37922626426	-383117.16152871953	30022.250955396772	-111463.3935603198	Co
-211901.6626927232	-381241.6822017937	-143972.1014389102	120817.7784780889	-90320.83964641998	8303.32395642095	Pt
-482495.98710648646	140969.89879212104	88902.84762692526	82055.72484451748	-61675.87780486566	-65291.41452427932	Pt
-598212.353225025	222194.01449980828	97917.2697337479	66578.59630101867	-110374.1862320914	-166613.0686255711	Pt
-393930.0643798713	183666.53317998548	82739.31912493113	-101205.44835101983	171647.7598844412	227756.002077723	Co
1050951.9223327315	296509.29024611996	549159.6815365474	551295.0929018368	140728.8954129379	413074.2685961646	Co
195243.63648228953	-272025.29876085697	-505342.5361382984	33559.073765341054	118691.03829947751	210761.01060004372	Co
-393409.0987680321	109951.54681295317	174033.2916153164	-48028.427632645136	138257.18788720938	204632.0214207799	Pt
964266.8222632149	229965.55829462188	-476362.838764533	1479526.2771290676	1067398.036710132	-388785.573686226	Co
