-1.5092484863037234	-0.49433439440103977	0.05140492672753119	18.060795943065564	5.339656209509074	-9.041751698864905	2.2778309934100807	0.7460734364776371	-0.07758280785208027	-27.258228938512133	-8.058868051583847	13.646250065045978	0.24436649348784273	-0.025411223323083956	-8.928072624916071	-2.6395757186374196	Pt
-224.2624592853906	-1.183415817722261	0.2373432086767232	-5.3929972241135085	38.4058953208659	-47.75124169946643	50293.65064473148	265.3957416396258	-53.227171672527604	1209.4468203989802	-8613.000535714664	10708.810897453437	1.4004729976352475	-0.2808757073769896	6.38215821994817	-45.45014401649807	Co
1.8292458401328886	-0.6423897789050117	0.1294476470054132	20.605650489121604	36.77494417390079	-15.192665707216902	3.3461403436434773	-1.1750888308058787	0.23679156979964266	37.692800440457916	67.27041365122723	-27.791120545456106	0.4126646280416298	-0.08315584533958138	-13.236859261900774	-23.62384825711628	Pt
2.2862222418031677	-2.425921358947583	0.11498757024901135	-9.653373080726046	270.6535325955522	-23.443283363685804	5.226812138915502	-5.54619536769133	0.26288714063419394	-22.069756245579853	618.77412604255	-53.59655584695267	5.885094439798087	-0.27895080268056227	23.418323942422948	-656.5841855981658	Pt
13.45276155402452	-2.1142324599041165	0.6511803970512835	-5.625266272080587	35.65412908607847	41.473370257086216	180.9767934294402	-28.442265152868785	8.760174610185928	-75.67536583619656	479.64649701142383	557.9313609103534	4.469978894512211	-1.3767467326990743	11.893120548036599	-75.38111704339859	Pt
-3.027569625261849	-1.1114485035182546	0.13411098624858117	-25.571177272709527	5.199451846788824	-34.14663620682897	9.166177835808174	3.3649877292946053	-0.4060303483801139	77.4185195930415	-15.741702479349469	103.38131858466188	1.2353177759729677	-0.14905745497134276	28.421046712953007	-5.778922974228664	Co
-1.2725181667036296	-0.7576172395325838	0.07514238328532459	17.94893632332893	5.439290511532734	-27.363626365401267	1.6193024845907664	0.9640817007130681	-0.0956200478199827	-22.840347544442714	-6.921595989904082	34.82071165686352	0.5739838816369723	-0.056929164996526976	-13.598423589826586	-4.120900262363206	Pt
6.19690004620198	-2.664860522942131	0.063835105099047	17.56068686857635	5.638458649315559	-11.851621798783588	38.40157018261811	-16.513874297741925	0.3955797657375926	108.82182126721929	34.94096466445154	-73.44331567245041	7.101481606735407	-0.17011165155631228	-46.79678119181739	-15.02570586480264	Pt
-32.00821971523425	-2.0873674435733065	0.6808347703865417	-4.75191143221384	58.67003844523296	70.63558970666409	1024.5261293387105	66.81291576032122	-21.792308920303487	152.10022518963402	-1877.923481256257	-2260.919475046043	4.357102844489761	-1.4211523341575747	9.918985218346972	-122.46592816377354	Pt
1.6553154022642655	-0.8221769551254957	0.08902369971762926	5.799338193876021	41.597966469820065	-19.436222205308134	2.7400690809733073	-1.360962177205969	0.14736230130914066	9.599733835262404	68.85775460036564	-32.173077978277284	0.6759749455394314	-0.07319323436784687	-4.768082217983978	-34.20088941156913	Co
1.721305121168123	-1.3244573683081762	0.2684895855570121	-27.131708288782875	52.205127350495154	805.8723001404824	2.9628913201596063	-2.2797952508377186	0.4621524985995918	-46.70194842352157	89.86095305964135	1387.152117239347	1.7541873204658198	-0.3556030099049931	35.9347909578665	-69.14346558283	Pt
5.881532363191178	-0.872007657674828	0.1880715750343486	-7.5525935921319505	15.722087957673825	-169.38942854026897	34.5924229392652	-5.128741259565035	1.1061490551608593	-44.420823638154374	92.46996913999689	-996.2694059420512	0.76039735504354	-0.16399985362091798	6.585919447644898	-13.709781093728772	Pt
-6.286700316264577	-2.7965580281192217	0.5540787455648942	-10.96943169959611	8.481023675610881	-34.31529018229522	39.52260086652113	17.58112223982935	-3.4833270249783004	68.96152973509354	-53.31765422371029	215.7299456417461	7.82073680463807	-1.5495133641197325	30.676652283410977	-23.7176748466988	Pt
-9.947182517223641	-1.2255449678351182	0.1436627130623964	-6.474240080622158	229.18951451923218	-48.021761640989844	98.94644003095966	12.190719478120899	-1.4290392277511859	64.4004477422733	-2279.7899319566804	477.6812278415351	1.501960468185981	-0.1760651150591604	7.934472351362916	-280.8820561996188	Pt
-11.731485483927159	-1.2849921712595964	0.29946779135902324	-2.4274127652346773	45.47261104986944	-52.11296848433202	137.62775165959366	15.074867004091997	-3.513202047232108	28.4771576188501	-533.461276447809	611.3625332982946	1.651204880198452	-0.3848137674407471	3.119206399742169	-58.43194920581485	Co
5.317354337155403	-1.6267891153737735	0.5223976090584427	-8.682624712821221	57.7050439452419	213.33754387299462	28.274257146865377	-8.650214158269936	2.777773192246523	-46.168592174612606	306.8381656979751	1134.391314191149	2.6464428258985846	-0.8498307443135583	14.124799375692898	-93.87393739228479	Co
2.0749403932401087	-0.6364787362118487	0.15039640924232572	-11.384071008310881	42.01196451671936	91.71076999166007	4.305377635499417	-1.3206554392043808	0.31206358453517163	-23.6212687746579	87.17232217511116	190.29438115084832	0.40510518164983206	-0.09572411648535548	7.245719128315656	-26.73972208137857	Pt
1.87231798518648	-0.8040608782606689	0.19951083527502503	-8.335776762315533	16.733664408782083	-16.232965683446565	3.5055746376527597	-1.505457643552287	0.37354772512500656	-15.607224752582898	31.33074083063758	-30.393273602031943	0.6465138959493182	-0.16041885743375625	6.702471984492302	-13.454884901044618	Pt
2.369509860630483	-0.9529374344984344	0.15870920408054964	-80.16303775515999	29.648942707112656	54.4048664129381	5.614576979625092	-2.2579946476079553	0.3760630240416781	-189.9471084189453	70.25346210177169	128.912867431741	0.9080897540684579	-0.15123994176780742	76.39035954000329	-28.253587398907	Pt
3.9105536101733276	-1.0754664925168398	0.28916029235325624	-4.022696279975811	-96.75565820372319	-106.05250806612655	15.292429538039645	-4.205669374932174	1.130776825180801	-15.730969460290224	-378.36818849326625	-414.7240182859271	1.1566281765264739	-0.3109822053923005	4.326275058686125	104.05746835951636	Co
-5.006138507136792	-0.7848266585704204	0.3150108888761439	-5.103742720625096	-15.521268823318835	-26.768867687320295	25.06142275263779	3.9289509568968812	-1.576988140970253	25.550042964240387	77.70162153603819	134.00865932194392	0.6159528840028113	-0.24722894332996206	4.005553345631301	12.181505547378562	Pt
-12.245979404501243	-0.7669414507843794	0.3053892898947537	-3.71449474283369	-27.607312170735746	-44.62489595803987	149.96401157546862	9.391949210763814	-3.7397909544064136	45.48762611886951	338.0785762564665	546.4755568301671	0.5881991889312486	-0.2342157050458938	2.84879998699982	21.173192048481326	Co
-6.4267925978615015	-1.629460080777026	0.5082486205019248	-8.526796832815055	11.17005198383927	-30.87205451529161	41.303663095927384	10.472201985648596	-3.2664084721150894	54.79995476860469	-71.78760740746641	198.40829143965286	2.6551401548458724	-0.8281708382178784	13.89407505596811	-18.20115380787032	Pt
11.483524511968584	-1.2304589138770794	0.4069357852590576	-3.3425519096230705	-25.70337900275063	-90.77656919767203	131.8713352169833	-14.130005098477682	4.673057064819572	-38.38427678668393	-295.16538281850546	-1042.4349574938792	1.514029138739562	-0.5007177643475764	4.112872792292561	31.62695181069547	Co
16.34891303585483	-1.28880049230235	0.33542799698478737	-11.522056296532423	49.87705357119795	-54.24124149117012	267.28695745394407	-21.070487169218012	5.483883152495265	-188.37309638623216	815.435611320188	-886.7853400959411	1.6610067089587797	-0.4322997676459851	14.849631827306377	-64.2815711971506	Co
2.201668427411393	-1.4735522770497864	0.21307979284002887	17.283837600548537	-7.949620155864892	-32.342973141461066	4.847343864260157	-3.244273524520681	0.46913105241525177	38.05327954963361	-17.502427707080972	-71.2085028141695	2.1713563131986104	-0.3139842139327213	-25.468638252447015	11.71418088235559	Co
30.81636690062908	-2.3562997237050833	0.7360789053734256	-10.662910777672499	31.94265785827799	-128.31395638550194	949.6484689541876	-72.61259681354677	22.683277615800918	-328.59217075342787	984.3566643419573	-3954.1699584469457	5.552148387932652	-1.734422521356543	25.125013719321664	-75.26647588586644	Pt
4.459647571251849	-2.018775405273296	0.25258867098841264	-47.152090262538934	-14.236969872484888	-188.16771209512214	19.888456459772513	-9.003026833030022	1.1264564530992067	-210.2817048187797	-63.49186811381298	-839.1616802330286	4.075454136936361	-0.509919796642076	95.18948012924007	28.741244624189385	Pt
8.996327235576771	-1.11963185153976	0.27359412854449855	-8.588145355204459	-97.98391685511407	-93.60822509148072	80.9339037295804	-10.072574519826391	2.4613423101187646	-77.26176596211802	-881.4953798521526	-842.1302248644889	1.2535754829823513	-0.30632470071268403	9.61556108534016	109.70591424960928	Pt
-3.8568740326637827	-2.37833883528057	0.3348772335006597	-16.17564566416156	7.862022705781691	285.4826701722444	14.87547730383619	9.172953294669455	-1.2915793060189804	62.38742772367523	-30.322831218142458	-1101.070697362849	5.656495615403737	-0.7964515294859383	38.47116626881321	-18.698553925018224	Co
8.151560456154165	-1.464446988127623	0.32909500704048245	-6.39308262593489	-43.364891264661495	557.7410520298048	66.4479378703363	-11.9375281585552	2.6826378457089732	-52.11359952649708	-353.4915328184398	4546.4599044999795	2.1446049810360663	-0.4819421918682734	9.362330596401385	63.50558440301539	Pt
-3.934410411124992	-1.1862133466680802	0.30908838466776684	-4.058378904696016	33.500020048140705	-99.72512820217676	15.47958528316873	4.667050140946314	-1.2160805585946681	15.967328214926047	-131.80282765030074	392.3595826494188	1.407102103813487	-0.3666447671929826	4.814103222586599	-39.73817089475277	Co
1.5888722697966564	-2.6224592099008004	0.21011675209288896	-36.02268135438878	15.412808152969433	-11.646715088768731	2.524515089728779	-4.166752717284231	0.33384868082012986	-57.23543948770939	24.488983473948956	-18.50514263876694	6.87729230759353	-0.55102261168044	94.4680124831387	-40.41946069118883	Pt
0.9571210828037576	-0.34126424584569903	0.0765508399366323	-12.164331508691031	5.64822713774097	-9.064109252826766	0.9160807671474375	-0.3266312045060432	0.07326842280968664	-11.642738145182227	5.406037273996206	-8.675450062717113	0.11646128549263371	-0.026124064659829638	4.151251418530519	-1.9275379745263834	Pt
-41.63990273538562	-1.1993636584475504	0.34558635792554654	-3.560397876272032	-136.37508418765262	212.0080817768019	1733.8814998123746	49.94138608211226	-14.390182330695918	148.25462126724094	5678.64524110388	-8827.995904301712	1.4384731852046924	-0.41448371855114813	4.270211822414513	163.56331989239573	Co
-233.95816279997302	-1.156401349228903	0.2769110386133888	-4.92523529045506	181.1703417256521	113.63857150109699	54736.421940738684	270.5495351250041	-64.78559785302083	1152.2989999124572	-42386.280303976855	-26586.671411610023	1.337264080498427	-0.3202202986688996	5.695548735152038	-209.5056276118055	Co
2.382174576276118	-1.6059281164919896	0.1812267314423837	-25.26895576432556	30.56816548197681	-35.35679438908851	5.674755711856302	-3.8256011304342095	0.43171371218366617	-60.19506399082221	72.81870665456636	-84.22605669230876	2.5790051153395095	-0.2910371034832669	40.58012653632275	-49.09027641708647	Pt
12.00077038396386	-0.7314628255810366	0.055289244417228336	51.59118802700732	7.595293900019869	30.138852854831534	144.0184898086241	-8.778117414203427	0.663513526954013	619.1340013480203	91.14937809285982	361.6894527469069	0.5350378652069939	-0.04044202694566639	-37.73703616931732	-5.555675137226944	Pt
10.68808508462225	-1.632102037049244	0.30006494380569704	-16.773754543030442	46.01983449672595	-94.91099181585683	114.2351627761246	-17.444045438767617	3.207119650307684	-179.27931574447837	491.8639066812411	-1014.4167559937638	2.663757059340292	-0.4897366060323451	27.376478958643997	-75.10906562677549	Pt
-32.1507715337601	-0.5870018441500148	0.07184001799255757	-10.209651555411618	35.67724235353537	-70.04344064986	1033.6721102160388	18.872562181162976	-2.309712005459933	328.24817459733737	-1147.0508678631052	2251.950657772134	0.3445711650355182	-0.042170223045401536	5.993084291155687	-20.942607055712276	Co
-16.241648351048273	-0.9442089784371633	0.31222865081892	-5.7578874357579055	37.53471300544599	-24.897763390975282	263.7911411591091	15.335510197678929	-5.071107951723139	93.51758297649896	-609.625609591972	404.38071772382375	0.8915305949613516	-0.2948090954285462	5.43664901367315	-35.440613022804264	Pt
-2.7661175417609805	-1799.9979928307896	0.4407233026145464	-14.006247413873075	4.784516189802012	37.869102231609396	7.651406254837809	4979.006023103802	-1.2190924584249299	38.74292666575868	-13.234534161450755	-104.75038797359464	3239992.774194871	-793.3010600999402	25211.217232062972	-8612.119538310038	Pt
13.50244789294475	-3.187744902046245	0.8944420986018585	-13.176684468479346	466.17297322752563	-137.93479341388178	182.3160991016881	-43.04235943587969	12.077157829627744	-177.91749543741676	6294.476280103792	-1862.4573606950373	10.161717560521826	-2.8512532399936195	42.00390874026697	-1486.0405188777856	Pt
2.3962040370288404	-0.682170260821967	0.10964142036770552	-9.0401037484369	27.17737161374081	-33.71313770777393	5.741793787073313	-1.6346191329226143	0.2627232141106721	-21.661933097164052	65.12252757667873	-80.78355667627713	0.46535626474991043	-0.0747941163291286	6.166889931928841	-18.53959468220109	Co
3.336889064665192	-0.6809593399716631	0.12495466957787706	-22.306770269937942	-18.591586254010238	90.21689102929209	11.13482862988214	-2.2722857750330694	0.4169598704932703	-74.43521778175453	-62.03806086578646	301.04375712373604	0.4637056226946431	-0.08508904932212842	15.190003559916459	12.660114304557057	Co
5.563682185193065	-2.4067637425365502	0.32333669661615705	-8.700818184263674	44.58462562360415	338.96165853236886	30.954559457834684	-13.390468558319194	1.798942618782488	-48.40858712839168	248.05468731554865	1885.8749410400355	5.792511712388542	-0.7781950380473073	20.94081373628851	-107.30466042545649	Pt
7.229900019146512	-1.2530036102510282	0.1926328031813809	-19.82387231041619	-22.852280871690894	-26.67208479736312	52.27145428685473	-9.059090825744557	1.392715907409312	-143.324614796636	-165.21970591177947	-192.836506387133	1.5700180473021106	-0.24136959783904602	24.839383574106876	28.633990434699204	Co
-2.166482093566424	-1.2293534467539444	0.19500761720321103	-12.766726790964077	6.7150905156892255	-26.040062331791763	4.6936446617439564	2.663372229056585	-0.42248051077981247	27.65888498607841	-14.548123358918433	56.4153287571804	1.5113098970458032	-0.23973328635204127	15.694819584237612	-8.255219670727271	Co
-1.4837250675515565	-0.5015724956942227	0.0605242316021737	-25.100353914309363	5.875278107617628	-28.97338088417074	2.201440076080871	0.7441956850559134	-0.08980131962244123	37.24202430707663	-8.717297407109147	42.98853150956321	0.25157496843693106	-0.030357289894677404	12.589647155608398	-2.9468779033354036	Co
-3.5715202648308764	-2.2939559846597444	0.28392884593864226	-7.377102148299284	6.350868031701419	-41.66743103937672	12.755757002097614	8.192910285842345	-1.0140576270399047	26.347469818378286	-22.682253874488197	148.81607434057702	5.262234059556257	-0.6513202753584829	16.9227476225374	-14.56861172910572	Co
2.6887923072760276	-0.9795848534433869	0.3288656279921867	-9.704299872502967	399.36074114322287	38.966278259028485	7.229604071666744	-2.6339002182626934	0.8842513706728915	-26.092846844685713	1073.7980886139505	104.77222922605291	0.9595864850957018	-0.3221517879992936	9.506185168376497	-391.2077330838263	Pt
2.12660622567326	-1.2024274186313564	0.2661601952021533	-9.33664138865232	23.369138724858015	-22.964487469748914	4.522454039072268	-2.5570896343816694	0.5660179281433093	-19.855359703986654	49.69695590090512	-48.8364220225636	1.445831697076467	-0.3200383164593431	11.226633603643892	-28.099693152569092	Pt
-2.487979247011442	-1.1663149686339493	0.14422874239798583	-9.248196979653184	10.922279065171479	-21.832589730955636	6.190040733559623	2.901767437440067	-0.35883811790874803	23.00932215765102	-27.174403644214173	54.319030159132744	1.3602906060596103	-0.1682161411660208	10.786310570244789	-12.738817565306714	Co
2.6153810456728523	-1.260438805977919	0.3155835135671504	-8.227320170168918	-12.106320463847414	52.1953828609297	6.840218014064822	-3.296527762385171	0.8253711397103667	-21.517577229741732	-31.6626410739879	136.51081500611318	1.5887059836150421	-0.39777370702689546	10.370033611685761	15.25927611023788	Co
44.12593597604595	-1.7864511471965276	0.3937106321380326	-5.44532203772303	-39.511052838306824	-19.079603879019782	1947.0982257621065	-78.82882894552782	17.372850146811405	-240.2799316055185	-1743.4621878892956	-841.9053792139449	3.1914077013197897	-0.7033448104464584	9.72780180114484	70.58456566993584	Pt
10.272181319118575	-1.8257650116131774	0.6217066274304623	-7.587352762629686	-47.50190407702624	239.92772994246488	105.51770905284863	-18.754589245393188	6.386283204263407	-77.93866330984737	-487.9481716825914	2464.581145453514	3.3334178776308656	-1.1350902078505674	13.852723204775861	86.72731444883985	Pt
-489.67866862603756	-1.6747777637804404	0.3464538786633123	-3.249885677257165	40.97267681881912	-55.50567785949471	239785.1985073687	820.1029456124985	-169.65107404417753	1591.399691626117	-20063.44583468426	27179.9464354231	2.8048805580534126	-0.5802332521608022	5.442836267098837	-68.62012805872057	Pt
-55.42652005887256	-3.0615274060868796	0.2523388575677555	-9.124092823997309	14.864427125714204	-31.95007460426155	3072.0991258366025	169.6898101842625	-13.986264750612186	505.71671392830206	-823.8834682470477	1770.8814509355777	9.372950058221058	-0.772542328064337	27.93366023634839	-45.50785102115526	Pt
-5.569727904187434	-0.9566144121567305	0.20159871790732017	-8.176913780090896	10.328451413099266	-48.93248800752023	31.021868926684142	5.3280819849372	-1.122850004576812	45.543184851107014	-57.526664042583114	272.5406438768024	0.9151111335459671	-0.19285223902246162	7.822153568997921	-9.880345477031307	Pt
-4.254268494114706	-1.1342055451794697	0.3293406130663608	-38.748478268932416	26.601092057828545	-65.84267231950456	18.09880042001701	4.825214916707212	-1.401103394000641	164.84643029440753	-113.16818785066492	280.1124064171867	1.286422218715858	-0.37353994959267256	43.94873891988932	-30.171106119818685	Pt
-14.763481911845474	-1.3651069186715714	0.45919042166345936	-23.54912655037585	51.325070599531244	-42.101857698068706	217.9603981613885	20.153731301542855	-6.779249484321179	347.66710386623384	-757.7367514203714	621.5700145805295	1.8635168994049922	-0.6268440216005046	32.14707558259047	-70.06420897672696	Co
-8.186603252851214	-1.2859193238162459	0.337400696410768	-4.238271747878517	-36.544750558253305	-208.38465896796487	67.02047281959408	10.527311319258311	-2.7621656387506577	34.69704927764966	299.1773737948327	1705.962526951432	1.6535885073640308	-0.4338700753836652	5.45007554018144	46.99360092690247	Pt
-18.355115590851046	-1.2985708945699783	0.4660495390061886	-16.882816812815346	229.22096716712034	444.6843388062756	336.9102683535031	23.8354188727468	-8.554393159521435	309.88605409838914	-4207.377348199167	-8162.232440230358	1.6862863682242737	-0.6051983667811923	21.923534531478694	-297.65967638840306	Co
-11.876532814084982	-0.8194706581106652	0.25073421499226795	-467.6658938702451	25.457810606652814	-31.61441751149972	141.05203168403733	9.73247016123113	-2.9778531319695087	5554.2493345783505	-302.35052304467285	375.4696669735093	0.6715321595043268	-0.20546933217057484	383.2384778257623	-20.861928811890454	Pt
-72.47944174628971	-3.0016187073633103	0.18587252741046686	-22.269570363410843	10.4831942199333	95.8145208762852	5253.269475853804	217.55564824491248	-13.471937022682571	1614.086027869736	-759.8160647786965	-6944.582984301373	9.00971486439339	-0.5579184554601571	66.84475900775753	-31.466551883474715	Pt
-503.29270652416045	-0.6569316453593874	0.09682347218848728	-5.278019538428976	24.114595407275086	-14.302634408808744	253303.5484404147	330.62890579429603	-48.730547372810534	2656.388738583319	-12136.699989262568	7198.411582034939	0.431559186674592	-0.06360640289419184	3.4672980596191416	-15.841640838077149	Pt
2.0254887325779163	-1.1493620840393695	0.14360146434615714	-9.503558931114684	-49.5056511792254	-101.52598605732388	4.102604605800094	-2.328019950874015	0.29086314801483065	-19.24935153436302	-100.27313866245369	-205.63974082297213	1.3210332002273226	-0.16505007833200439	10.923030298856936	56.89991841108058	Co
3.918001818377507	-1.2059215979975215	0.4065548073843162	-8.889348041155367	-31.338231159812338	-246.71869329079348	15.350738248809451	-4.724803013774999	1.592882474601868	-34.828481789437255	-122.78324666887939	-966.6442889410513	1.4542469005168959	-0.4902732229944692	10.719856794946217	37.791449798656615	Co
29.865598341755263	-1.3654986208367978	0.49549423170895956	-5.1494666505598286	14.475131802037799	106.2479088420684	891.9539643110547	-40.781433346132566	14.7982317048764	-153.79190265988365	432.308472343629	3173.1573701286425	1.864586483507197	-0.6765966900311731	7.031589609384531	-19.765772512113486	Co
3.762235820492907	-1.649506045268755	0.12902918742594133	-8.591485419519811	23.66138248701253	-31.0626223826848	14.154418368999936	-6.205830729629705	0.48543823082296944	-32.32319419655997	89.01970075502209	-116.86491060658149	2.7208701933781683	-0.21283442467520547	14.171707137336295	-39.02959345174342	Pt
5.692214161773348	-1.408141966065135	0.5485955758934024	-9.490873372638601	-27.927558049017684	-190.55306703743994	32.40130206349306	-8.015445641023328	3.1227235061866305	-54.024083819331025	-158.96964143036573	-1084.6688667598619	1.982863796593784	-0.7725004528131706	13.36449709062256	39.32596649854195	Co
