1124.5300000000002	892.2605475564001	620.4554578190207	628.3585752367079	526.3156540518247	263.10005329615655	120.80398115372476	105.63949714196536	70.7299999999999	105.63949714196536	120.80398115372476	263.10005329615655	526.3156540518247	628.3585752367079	620.4554578190207	892.2605475564001	Co
1196.8000000000002	192.82008477442415	219.0798183857298	104.22323798391642	96.71846566194068	27.37518153635339	247.67914158458248	192.04296344199517	189.64	192.04296344199517	247.67914158458248	27.37518153635339	96.71846566194068	104.22323798391642	219.0798183857298	192.82008477442415	Pt
1263.35	600.3031935421195	523.0994358944382	160.2964693553448	55.281429974268924	90.019187264314	259.53955915605735	157.2898574594561	12.42999999999995	157.2898574594561	259.53955915605735	90.019187264314	55.281429974268924	160.2964693553448	523.0994358944382	600.3031935421195	Pt
961.3999999999999	632.7108530240349	210.46330740219582	96.56991515934139	87.90713850421929	136.10155097648325	186.71210950907502	194.58234805221036	91.73999999999995	194.58234805221036	186.71210950907502	136.10155097648325	87.90713850421929	96.56991515934139	210.46330740219582	632.7108530240349	Pt
770.77	561.560555031697	283.32507962616154	311.5128897112151	217.05609067704137	62.427917503120575	53.30966380337836	71.70844645147601	66.76999999999992	71.70844645147601	53.30966380337836	62.427917503120575	217.05609067704137	311.5128897112151	283.32507962616154	561.560555031697	Co
869.77	505.10172611889783	246.29299032849565	154.81282488948418	50.85439312389837	61.29319756435072	106.93014315452659	130.3906524785627	150.81000000000012	130.3906524785627	106.93014315452659	61.29319756435072	50.85439312389837	154.81282488948418	246.29299032849565	505.10172611889783	Pt
1400.7399999999998	248.76735677721734	360.016473724907	103.04641826399441	249.63384586229486	84.87933936899785	218.5077368119568	91.77798664887483	195.36	91.77798664887483	218.5077368119568	84.87933936899785	249.63384586229486	103.04641826399441	360.016473724907	248.76735677721734	Pt
896.72	698.5665968487444	337.84618612112325	98.29199400745134	43.22314194965468	126.2506356672169	130.12932076750167	130.82878993106414	175.56	130.82878993106414	130.12932076750167	126.2506356672169	43.22314194965468	98.29199400745134	337.84618612112325	698.5665968487444	Pt
1127.39	45.20426181028987	235.8536110713139	132.89449277726692	70.67763224670172	114.05061919857984	164.49437663525586	81.18237964041371	83.04999999999995	81.18237964041371	164.49437663525586	114.05061919857984	70.67763224670172	132.89449277726692	235.8536110713139	45.20426181028987	Pt
1130.8	666.0708711851629	293.62866230858873	28.344082793547834	130.7275839293299	220.3034027290025	277.18722530244565	216.3366725159042	201.95999999999998	216.3366725159042	277.18722530244565	220.3034027290025	130.7275839293299	28.344082793547834	293.62866230858873	666.0708711851629	Pt
1169.52	534.6533737465945	336.3721494162253	278.65877698221146	262.70984755048676	186.85974312651757	282.45276613463824	128.75520785915538	35.63999999999987	128.75520785915538	282.45276613463824	186.85974312651757	262.70984755048676	278.65877698221146	336.3721494162253	534.6533737465945	Co
1002.6500000000001	643.3267791235223	385.35053075522274	493.1551341690745	183.90819041032407	203.70136623884798	234.13947263686273	240.58384712541186	378.7300000000001	240.58384712541186	234.13947263686273	203.70136623884798	183.90819041032407	493.1551341690745	385.35053075522274	643.3267791235223	Co
1003.0899999999999	640.6157507493602	164.06215521843805	356.4250802079753	136.9279098650089	201.54476288096245	293.99670376567343	189.8638666145523	98.44999999999999	189.8638666145523	293.99670376567343	201.54476288096245	136.9279098650089	356.4250802079753	164.06215521843805	640.6157507493602	Pt
768.5699999999999	478.22253838479816	282.59094815296	315.44397704342515	64.59660439992182	137.52335964202658	123.6733044032184	261.4385462792302	305.69	261.4385462792302	123.6733044032184	137.52335964202658	64.59660439992182	315.44397704342515	282.59094815296	478.22253838479816	Pt
844.3599999999999	114.59624164008348	250.96645517627192	52.30428603179684	150.06773937125857	11.00333923418505	311.8942371642289	99.94260748233971	139.04000000000002	99.94260748233971	311.8942371642289	11.00333923418505	150.06773937125857	52.30428603179684	250.96645517627192	114.59624164008348	Co
899.25	21.56172002190101	283.60331746681345	41.20649334068074	296.5489222708456	29.449462510747583	190.17892975253034	108.13722159409156	45.210000000000036	108.13722159409156	190.17892975253034	29.449462510747583	296.5489222708456	41.20649334068074	283.60331746681345	21.56172002190101	Pt
1081.08	17.348109627715495	301.60518577635196	40.32478015380295	225.04311764637458	52.72200858470012	230.70455373228393	62.221142778697285	50.60000000000002	62.221142778697285	230.70455373228393	52.72200858470012	225.04311764637458	40.32478015380295	301.60518577635196	17.348109627715495	Co
1149.3899999999999	158.2791384062905	383.92228943732863	74.62345589738453	89.70343192988776	59.29310838465779	267.38182188249095	60.565550219400066	362.89	60.565550219400066	267.38182188249095	59.29310838465779	89.70343192988776	74.62345589738453	383.92228943732863	158.2791384062905	Pt
869.44	639.7948478248871	275.4716739846974	107.17101450035202	75.41942057587023	141.05165070129416	238.6875774565333	182.50096488001117	63.579999999999984	182.50096488001117	238.6875774565333	141.05165070129416	75.41942057587023	107.17101450035202	275.4716739846974	639.7948478248871	Pt
853.9300000000001	326.67707786692534	672.3166469880119	222.93935192778957	383.94388717623826	149.3609005712445	147.64551460439583	89.13026163369405	83.0499999999999	89.13026163369405	147.64551460439583	149.3609005712445	383.94388717623826	222.93935192778957	672.3166469880119	326.67707786692534	Pt
1046.21	119.45971188334477	628.4954275029737	100.09121126459303	204.94759452113607	49.37796300543471	113.5127790508817	23.85868046998372	304.59000000000003	23.85868046998372	113.5127790508817	49.37796300543471	204.94759452113607	100.09121126459303	628.4954275029737	119.45971188334477	Co
1050.39	271.53172468135006	121.06421144097665	14.362104908845618	68.85165284871529	71.06093567666603	235.10006998760022	205.56491591445163	46.31	205.56491591445163	235.10006998760022	71.06093567666603	68.85165284871529	14.362104908845618	121.06421144097665	271.53172468135006	Pt
720.8299999999999	622.6361034717671	465.0907580972165	381.0492481564905	304.2637581112808	215.7183689344679	110.04195623741171	51.56532591888796	50.49000000000001	51.56532591888796	110.04195623741171	215.7183689344679	304.2637581112808	381.0492481564905	465.0907580972165	622.6361034717671	Pt
1071.73	83.72127927054409	380.8068135975328	21.675570883178207	113.46120085738562	37.620632700336564	262.2800475020809	71.01077537541923	287.21000000000004	71.01077537541923	262.2800475020809	37.620632700336564	113.46120085738562	21.675570883178207	380.8068135975328	83.72127927054409	Co
1337.0500000000002	180.04589111521565	69.01228979066663	139.31065945406974	92.5829557748077	27.002483641492713	259.5085988129277	79.30345473049104	222.7500000000001	79.30345473049104	259.5085988129277	27.002483641492713	92.5829557748077	139.31065945406974	69.01228979066663	180.04589111521565	Pt
1132.56	48.301996480709356	265.84949212107375	105.12858805549153	272.14	40.445815484366875	112.88423777909456	34.53750887427832	55.879999999999995	34.53750887427832	112.88423777909456	40.445815484366875	272.14	105.12858805549153	265.84949212107375	48.301996480709356	Co
774.95	648.9718708024324	477.2535008606391	372.87545160255786	227.52151216972877	96.53261711784857	32.27114680738763	30.68086588997426	72.26999999999998	30.68086588997426	32.27114680738763	96.53261711784857	227.52151216972877	372.87545160255786	477.2535008606391	648.9718708024324	Pt
711.04	630.7042495296162	490.694324413561	373.246038121721	247.13222897873925	153.07637152494544	78.33625206964506	16.56172492463684	7.259999999999991	16.56172492463684	78.33625206964506	153.07637152494544	247.13222897873925	373.246038121721	490.694324413561	630.7042495296162	Pt
1030.48	614.1003642670634	94.74668555498073	368.76409064050193	93.98404119849286	312.52533550895413	311.9091187771618	98.24562853460385	280.28	98.24562853460385	311.9091187771618	312.52533550895413	93.98404119849286	368.76409064050193	94.74668555498073	614.1003642670634	Pt
762.74	560.659474800541	193.64661328084708	142.88838478185804	183.3702309536638	70.2208435091198	64.62162459160285	52.0677323078393	17.819999999999993	52.0677323078393	64.62162459160285	70.2208435091198	183.3702309536638	142.88838478185804	193.64661328084708	560.659474800541	Co
1108.25	315.6989295258774	296.3733614711331	151.93897403637183	173.29371511973537	163.04904241564677	239.5209978484164	69.00539857381037	237.49	69.00539857381037	239.5209978484164	163.04904241564677	173.29371511973537	151.93897403637183	296.3733614711331	315.6989295258774	Pt
1196.91	483.4516923608203	369.63797332436104	302.8939986381978	24.440059328896908	162.45337538191444	215.94370210001256	263.8706364289991	88.54999999999995	263.8706364289991	215.94370210001256	162.45337538191444	24.440059328896908	302.8939986381978	369.63797332436104	483.4516923608203	Pt
726.1100000000001	615.6437108022266	421.6728021252634	345.72056083485626	318.38349910131967	269.58081006093823	250.18435232409823	355.0371349768714	428.6700000000001	355.0371349768714	250.18435232409823	269.58081006093823	318.38349910131967	345.72056083485626	421.6728021252634	615.6437108022266	Co
1157.53	601.165138363606	285.3119733700392	102.22242118469819	136.3180519960581	292.6557516976292	227.9617179521466	152.37050771622512	251.56999999999994	152.37050771622512	227.9617179521466	292.6557516976292	136.3180519960581	102.22242118469819	285.3119733700392	601.165138363606	Pt
1055.12	125.52148525399897	146.0999595292003	80.17616448440835	87.14055313113407	118.84111599052777	208.63187154786792	195.00017368793587	74.36000000000001	195.00017368793587	208.63187154786792	118.84111599052777	87.14055313113407	80.17616448440835	146.0999595292003	125.52148525399897	Pt
893.1999999999999	674.4632733802684	377.1362517334795	253.41934789109422	125.40357012461806	99.7262163762417	63.469306191430746	32.373321468530825	21.340000000000032	32.373321468530825	63.469306191430746	99.7262163762417	125.40357012461806	253.41934789109422	377.1362517334795	674.4632733802684	Pt
835.8899999999999	690.911688807562	390.4759218911415	151.97812604070398	77.25297728890453	186.93366140221852	330.7606914723441	467.6573417674518	523.27	467.6573417674518	330.7606914723441	186.93366140221852	77.25297728890453	151.97812604070398	390.4759218911415	690.911688807562	Co
977.9000000000001	680.5170329059982	385.37601881704506	395.55551850710214	248.74076987900474	200.53331849017442	311.49389419493366	286.40221346685223	169.83999999999997	286.40221346685223	311.49389419493366	200.53331849017442	248.74076987900474	395.55551850710214	385.37601881704506	680.5170329059982	Pt
902.3299999999999	309.91607434919376	544.1618435479106	80.54453852754985	55.385955801087285	79.61023523661507	167.2666608339491	50.41170319419733	50.049999999999955	50.41170319419733	167.2666608339491	79.61023523661507	55.385955801087285	80.54453852754985	544.1618435479106	309.91607434919376	Pt
941.0500000000001	592.4632264540674	89.06157191905928	303.6584517099779	84.08239114107067	227.73838377251477	277.8536381034199	169.25643196469196	33.110000000000014	169.25643196469196	277.8536381034199	227.73838377251477	84.08239114107067	303.6584517099779	89.06157191905928	592.4632264540674	Pt
1046.43	209.1943846995864	112.36983206303337	14.009671716018802	106.46323731692554	114.37115500055869	223.27924543523	176.61144530411673	18.810000000000173	176.61144530411673	223.27924543523	114.37115500055869	106.46323731692554	14.009671716018802	112.36983206303337	209.1943846995864	Pt
1350.8	130.75739792562842	458.7910702545809	64.56824247164047	295.18933991592576	31.608916980670564	184.50520495274952	27.373266504956607	292.1600000000001	27.373266504956607	184.50520495274952	31.608916980670564	295.18933991592576	64.56824247164047	458.7910702545809	130.75739792562842	Pt
1173.26	292.1507674831655	254.0799541899062	192.54650279376247	148.25600696093224	179.36431981399855	257.51894858214837	94.73008655411758	150.70000000000005	94.73008655411758	257.51894858214837	179.36431981399855	148.25600696093224	192.54650279376247	254.0799541899062	292.1507674831655	Pt
1268.6299999999999	89.52346612499805	350.18512393947805	91.64273439028824	83.49028985456934	129.19170833864288	288.12127996989807	89.59422940670025	278.19	89.59422940670025	288.12127996989807	129.19170833864288	83.49028985456934	91.64273439028824	350.18512393947805	89.52346612499805	Pt
858.66	439.0195861605859	184.65658270235772	95.75749757655623	110.81472284854573	199.6792961266274	285.1180276038107	237.14647314189259	48.620000000000005	237.14647314189259	285.1180276038107	199.6792961266274	110.81472284854573	95.75749757655623	184.65658270235772	439.0195861605859	Pt
1078.44	59.365109021358215	123.35385809718055	107.88654145796788	107.25276406694606	94.11786288582786	211.20839115087412	118.85699764391218	26.61999999999989	118.85699764391218	211.20839115087412	94.11786288582786	107.25276406694606	107.88654145796788	123.35385809718055	59.365109021358215	Pt
1348.6	173.11533651917532	124.49246392589986	148.63254430271235	64.3111592182881	17.803798162818886	277.5894991271437	76.52068875103346	213.4000000000001	76.52068875103346	277.5894991271437	17.803798162818886	64.3111592182881	148.63254430271235	124.49246392589986	173.11533651917532	Pt
1136.96	750.4799236409046	226.22701433535133	62.25598236058751	73.0858741481553	233.80328904009798	449.5166185859125	319.58201780809355	78.98000000000002	319.58201780809355	449.5166185859125	233.80328904009798	73.0858741481553	62.25598236058751	226.22701433535133	750.4799236409046	Pt
726.77	489.917077963828	370.7002752388762	366.83965940828375	248.88712401407994	173.85966055186296	157.01332089291478	130.86542644025502	51.589999999999975	130.86542644025502	157.01332089291478	173.85966055186296	248.88712401407994	366.83965940828375	370.7002752388762	489.917077963828	Pt
613.03	461.63190789880684	160.04283957978373	38.77866983842267	22.08919419082552	94.56185138864687	116.66071360676487	64.16256414157405	10.230000000000018	64.16256414157405	116.66071360676487	94.56185138864687	22.08919419082552	38.77866983842267	160.04283957978373	461.63190789880684	Pt
1075.25	114.6438884430956	88.36114565546221	122.59829489657093	126.04795317655896	99.96454021098063	198.0193771792402	189.2858727731885	30.690000000000055	189.2858727731885	198.0193771792402	99.96454021098063	126.04795317655896	122.59829489657093	88.36114565546221	114.6438884430956	Pt
835.5600000000001	610.7119626935018	260.02985159423883	301.9123609572549	236.54865080993378	84.7160375848458	146.05813869784237	323.92705027550574	426.14	323.92705027550574	146.05813869784237	84.7160375848458	236.54865080993378	301.9123609572549	260.02985159423883	610.7119626935018	Pt
1194.38	67.70392887890974	90.77215787831241	25.248690232231457	39.098772359244215	81.86411815143832	229.99720553544716	88.32005330163528	75.46000000000004	88.32005330163528	229.99720553544716	81.86411815143832	39.098772359244215	25.248690232231457	90.77215787831241	67.70392887890974	Pt
707.52	608.5084847666546	518.7275942461836	372.03217360760146	197.878351519311	71.42033766897879	78.7125566067242	153.5255846269365	152.68	153.5255846269365	78.7125566067242	71.42033766897879	197.878351519311	372.03217360760146	518.7275942461836	608.5084847666546	Pt
1228.5900000000001	290.75886214373196	519.2192041640288	113.07591890709516	114.64644128798771	103.97239530837335	466.5563852604233	98.88323448410063	395.89	98.88323448410063	466.5563852604233	103.97239530837335	114.64644128798771	113.07591890709516	519.2192041640288	290.75886214373196	Pt
1505.9	379.2226722473388	930.1143073741465	250.29781652376855	395.6703822628124	127.5172322830282	209.0367269594308	100.96823742097135	311.52	100.96823742097135	209.0367269594308	127.5172322830282	395.6703822628124	250.29781652376855	930.1143073741465	379.2226722473388	Co
800.14	515.5026167831899	206.61550751801155	303.83850378725094	120.37538784984248	143.25433555856824	193.5902333617957	174.75668985673042	70.17999999999995	174.75668985673042	193.5902333617957	143.25433555856824	120.37538784984248	303.83850378725094	206.61550751801155	515.5026167831899	Pt
1088.67	167.09767616597722	112.83801756753296	42.53756809338765	120.62165850294053	118.71781231314853	223.1811909445532	151.3983439810709	18.370000000000005	151.3983439810709	223.1811909445532	118.71781231314853	120.62165850294053	42.53756809338765	112.83801756753296	167.09767616597722	Pt
958.65	669.0865881784968	275.3196814862534	371.9597358961237	219.75690319077577	78.24702337102505	115.83029131582113	42.4596953041237	77.33000000000004	42.4596953041237	115.83029131582113	78.24702337102505	219.75690319077577	371.9597358961237	275.3196814862534	669.0865881784968	Pt
955.46	717.4996767721478	318.97293858418305	125.93777224276246	153.09004735775608	185.04104939550155	197.23484086482037	128.58285030673878	113.07999999999998	128.58285030673878	197.23484086482037	185.04104939550155	153.09004735775608	125.93777224276246	318.97293858418305	717.4996767721478	Co
829.07	632.9909943638745	248.23209471881296	19.3522198351042	32.894414419472476	77.00511306201808	92.51754510097142	69.50891744224651	45.64999999999998	69.50891744224651	92.51754510097142	77.00511306201808	32.894414419472476	19.3522198351042	248.23209471881296	632.9909943638745	Pt
1210.33	715.3209591419185	175.37751010383718	350.6701681181317	43.04093516642033	250.3212285462221	341.99873501195657	239.61075923964074	127.49000000000001	239.61075923964074	341.99873501195657	250.3212285462221	43.04093516642033	350.6701681181317	175.37751010383718	715.3209591419185	Pt
1306.0300000000002	119.00500076557681	243.18326637730297	96.84016907540008	190.80371196598873	137.4026623541606	324.9309070465069	160.59923357295804	201.18999999999994	160.59923357295804	324.9309070465069	137.4026623541606	190.80371196598873	96.84016907540008	243.18326637730297	119.00500076557681	Co
693.99	451.3912181991676	207.97122187305854	316.52892897543137	152.78730739168097	70.0311672659907	76.12843537487855	140.10496802647882	174.79000000000002	140.10496802647882	76.12843537487855	70.0311672659907	152.78730739168097	316.52892897543137	207.97122187305854	451.3912181991676	Pt
738.2099999999999	574.8420907486902	337.3406370112301	207.14264097775705	126.39555253251595	92.71584241042626	116.99069202657746	133.198139471089	102.63	133.198139471089	116.99069202657746	92.71584241042626	126.39555253251595	207.14264097775705	337.3406370112301	574.8420907486902	Pt
1015.52	556.524280037735	212.63923476272987	132.60886479387236	93.25937271931433	84.0704994844112	228.94629640926854	172.44053648432788	7.259999999999991	172.44053648432788	228.94629640926854	84.0704994844112	93.25937271931433	132.60886479387236	212.63923476272987	556.524280037735	Pt
1410.97	686.0957650548345	286.8545483415692	386.29788306094616	35.67342568355332	296.858745448531	359.2488990877415	348.9412586198103	115.3900000000001	348.9412586198103	359.2488990877415	296.858745448531	35.67342568355332	386.29788306094616	286.8545483415692	686.0957650548345	Co
749.65	483.8654210949903	252.7878551368916	237.1976524394546	162.22807309464045	84.21059344385252	29.776045662409395	93.63737446988581	81.73000000000002	93.63737446988581	29.776045662409395	84.21059344385252	162.22807309464045	237.1976524394546	252.7878551368916	483.8654210949903	Pt
772.75	391.45016321193395	189.0228332046738	154.50076717521642	163.43871664939127	227.19603674784636	165.7466003490813	82.26555019989281	31.79000000000002	82.26555019989281	165.7466003490813	227.19603674784636	163.43871664939127	154.50076717521642	189.0228332046738	391.45016321193395	Pt
1146.97	89.3096710581414	57.525583498066496	92.57652353508844	135.4230456753946	59.33883094408405	300.97927743153184	31.573290734942525	268.73	31.573290734942525	300.97927743153184	59.33883094408405	135.4230456753946	92.57652353508844	57.525583498066496	89.3096710581414	Pt
1067.22	96.88011239519568	121.35188381062	116.51200571045234	101.01869628935033	122.0618456798607	222.80396382383728	155.06000572954864	44.87999999999988	155.06000572954864	222.80396382383728	122.0618456798607	101.01869628935033	116.51200571045234	121.35188381062	96.88011239519568	Pt
899.47	470.2305828263746	114.83032788214427	158.51111862036694	166.0746835011285	136.50167228687178	80.60693021371821	122.2877872535743	77.54999999999995	122.2877872535743	80.60693021371821	136.50167228687178	166.0746835011285	158.51111862036694	114.83032788214427	470.2305828263746	Co
737.55	57.85744285797158	194.26136551161528	28.137752722260224	82.94795054731611	52.66862028448907	202.71391878596452	46.22214204259472	3.1899999999999977	46.22214204259472	202.71391878596452	52.66862028448907	82.94795054731611	28.137752722260224	194.26136551161528	57.85744285797158	Co
766.48	677.0482868323799	465.40744735567415	248.93027620072817	117.7968013148065	77.05052500366611	34.71321284288387	56.93274176278712	90.63999999999999	56.93274176278712	34.71321284288387	77.05052500366611	117.7968013148065	248.93027620072817	465.40744735567415	677.0482868323799	Pt
895.6199999999999	154.69130623159776	278.21246527060157	127.093623101645	121.26580804167351	28.755804428462472	144.04851602170115	59.524926332848814	118.80000000000001	59.524926332848814	144.04851602170115	28.755804428462472	121.26580804167351	127.093623101645	278.21246527060157	154.69130623159776	Pt
1220.45	109.9585209254683	321.9482552489427	65.5594384961255	183.12489317403023	95.587104015311	372.6534110164049	87.3309157510798	61.049999999999955	87.3309157510798	372.6534110164049	95.587104015311	183.12489317403023	65.5594384961255	321.9482552489427	109.9585209254683	Co
1063.48	723.2072658626583	458.6219465851781	347.33052971552894	335.58481550868777	394.98313559972115	395.91842911188417	375.2102540213961	328.2400000000001	375.2102540213961	395.91842911188417	394.98313559972115	335.58481550868777	347.33052971552894	458.6219465851781	723.2072658626583	Pt
1360.92	133.75700619527265	574.3093210545916	10.357601738650501	370.35123059063807	67.54075581999683	501.3239042274106	104.80567963218807	509.96000000000004	104.80567963218807	501.3239042274106	67.54075581999683	370.35123059063807	10.357601738650501	574.3093210545916	133.75700619527265	Pt
665.6099999999999	394.2392198036382	155.93254812684847	67.65716618225535	33.79578819912328	58.592160225106674	95.34768080382491	95.42646065405964	41.25000000000006	95.42646065405964	95.34768080382491	58.592160225106674	33.79578819912328	67.65716618225535	155.93254812684847	394.2392198036382	Co
1123.87	944.5923311361458	577.1347207257518	289.3332649916207	172.25652295341385	97.17732930015843	133.22878042228172	306.88353230201045	384.44999999999993	306.88353230201045	133.22878042228172	97.17732930015843	172.25652295341385	289.3332649916207	577.1347207257518	944.5923311361458	Co
675.0699999999999	547.5177834625282	340.6882837471799	249.32890226940825	168.1202013441573	157.9893319671387	138.10548981630313	67.51578978275536	19.689999999999998	67.51578978275536	138.10548981630313	157.9893319671387	168.1202013441573	249.32890226940825	340.6882837471799	547.5177834625282	Co
1542.75	181.0005532209178	160.81948452530446	53.269367026529096	273.9120378880783	67.8621773289452	208.27446890345297	148.31161909469344	254.64999999999998	148.31161909469344	208.27446890345297	67.8621773289452	273.9120378880783	53.269367026529096	160.81948452530446	181.0005532209178	Pt
834.9	779.7067926892323	684.765655161094	517.653726440585	333.8504530474686	172.4892350331443	77.17384733054229	127.99201199343304	172.48000000000002	127.99201199343304	77.17384733054229	172.4892350331443	333.8504530474686	517.653726440585	684.765655161094	779.7067926892323	Co
953.26	584.9969550331041	40.634738501923295	194.41720561368075	35.17696121042862	230.0952016787262	196.273005853786	70.8405119108455	51.48000000000002	70.8405119108455	196.273005853786	230.0952016787262	35.17696121042862	194.41720561368075	40.634738501923295	584.9969550331041	Pt
1222.1	595.9660477400861	400.14711847833513	334.31075921454664	198.42469453170386	175.16172710403018	290.4927950457382	218.97500764331073	188.32000000000005	218.97500764331073	290.4927950457382	175.16172710403018	198.42469453170386	334.31075921454664	400.14711847833513	595.9660477400861	Pt
799.0400000000001	725.5333244575709	609.7873811494179	450.06005289237345	295.121943609756	141.78284184288802	72.33349010613703	149.13410358135397	191.84000000000003	149.13410358135397	72.33349010613703	141.78284184288802	295.121943609756	450.06005289237345	609.7873811494179	725.5333244575709	Co
808.61	13.500855653260219	175.32182859393646	86.01193433794676	60.324244711392744	71.13150517956669	191.6643425848386	50.89357738422258	374.33000000000004	50.89357738422258	191.6643425848386	71.13150517956669	60.324244711392744	86.01193433794676	175.32182859393646	13.500855653260219	Co
1020.91	556.1643543070047	443.39373902409596	91.29483728390056	194.79807416912516	150.02307491124057	190.18630233071963	221.243264027981	169.5100000000001	221.243264027981	190.18630233071963	150.02307491124057	194.79807416912516	91.29483728390056	443.39373902409596	556.1643543070047	Pt
939.51	576.3279224153905	419.39829000243316	440.8372228299652	228.98071469012405	233.2237956989833	251.81542713470716	221.36391018339486	169.51	221.36391018339486	251.81542713470716	233.2237956989833	228.98071469012405	440.8372228299652	419.39829000243316	576.3279224153905	Pt
1175.13	88.5031152585975	276.1343874091542	21.00645772692517	211.75388567863402	39.08850211892161	357.6947076630729	131.60978050809663	15.729999999999905	131.60978050809663	357.6947076630729	39.08850211892161	211.75388567863402	21.00645772692517	276.1343874091542	88.5031152585975	Co
1319.67	144.56264110022087	565.2653100521463	43.919764596099505	347.5108224214032	77.73858181954284	505.72693368225015	70.88890443953967	246.73000000000002	70.88890443953967	505.72693368225015	77.73858181954284	347.5108224214032	43.919764596099505	565.2653100521463	144.56264110022087	Pt
679.9100000000001	471.2951760768344	184.96475544825728	272.35411919347166	169.0309193609264	12.113439608821752	60.2100277525795	41.948508267843145	36.19	41.948508267843145	60.2100277525795	12.113439608821752	169.0309193609264	272.35411919347166	184.96475544825728	471.2951760768344	Pt
1340.24	155.46155093357285	200.299513788723	20.30857687501276	175.45168964703646	55.504262361896394	421.4555535000117	21.58953325807671	7.259999999999991	21.58953325807671	421.4555535000117	55.504262361896394	175.45168964703646	20.30857687501276	200.299513788723	155.46155093357285	Pt
622.71	541.7042903419028	383.1662910082588	253.4163020254371	166.5443955826794	106.96864070129546	59.5268412984793	42.25787026631916	38.610000000000014	42.25787026631916	59.5268412984793	106.96864070129546	166.5443955826794	253.4163020254371	383.1662910082588	541.7042903419028	Co
1088.67	745.4352609078268	496.0065124307605	259.0508992413022	135.1117511543685	83.5341355440806	173.2369482133468	75.47328001654726	20.13000000000011	75.47328001654726	173.2369482133468	83.5341355440806	135.1117511543685	259.0508992413022	496.0065124307605	745.4352609078268	Pt
1086.36	733.7327459338046	424.3480274887078	421.9345479034579	235.69588880589328	224.7133685467096	315.32283578333306	242.91369007598993	122.75999999999993	242.91369007598993	315.32283578333306	224.7133685467096	235.69588880589328	421.9345479034579	424.3480274887078	733.7327459338046	Co
671.3299999999999	531.6174344797802	241.28775148702974	36.54731742046834	27.51341672711698	79.36652331832585	129.7064670027419	150.32199148117277	153.01000000000005	150.32199148117277	129.7064670027419	79.36652331832585	27.51341672711698	36.54731742046834	241.28775148702974	531.6174344797802	Pt
898.59	286.1556417514229	102.846419124498	161.05308911260508	297.9920302625559	114.29455124458927	30.334855748265845	43.519006616839775	103.94999999999993	43.519006616839775	30.334855748265845	114.29455124458927	297.9920302625559	161.05308911260508	102.846419124498	286.1556417514229	Pt
945.4499999999999	576.532169995102	84.28317730955376	301.4022327312608	38.91653247657092	203.32118071387737	97.16276767675116	97.02843778225315	134.09000000000003	97.02843778225315	97.16276767675116	203.32118071387737	38.91653247657092	301.4022327312608	84.28317730955376	576.532169995102	Co
1267.8600000000001	74.62621398393621	619.1249080259605	103.1987509256292	280.2850509748959	37.77470863595918	73.67015584241621	47.03967454481482	91.08000000000004	47.03967454481482	73.67015584241621	37.77470863595918	280.2850509748959	103.1987509256292	619.1249080259605	74.62621398393621	Co
1206.37	101.91633392373289	198.47424968944617	49.586260549039665	145.25103269856643	61.31711139402505	186.21575446296535	117.98147945589444	178.31000000000006	117.98147945589444	186.21575446296535	61.31711139402505	145.25103269856643	49.586260549039665	198.47424968944617	101.91633392373289	Pt
1228.26	35.33040052055945	528.819852314873	113.94565310913518	237.4345859389487	19.352417925220106	287.7996431507098	63.188502569985744	247.72000000000003	63.188502569985744	287.7996431507098	19.352417925220106	237.4345859389487	113.94565310913518	528.819852314873	35.33040052055945	Co
960.3	837.2142675467941	556.9698898562965	299.8210891737802	230.76128141436547	239.34154706790974	183.72709705828632	100.09485775939201	18.039999999999964	100.09485775939201	183.72709705828632	239.34154706790974	230.76128141436547	299.8210891737802	556.9698898562965	837.2142675467941	Co
870.65	242.103675321429	221.08346328195722	63.3649298757171	46.62923224759336	33.650373102536854	223.54701980401236	194.33006161621424	371.90999999999997	194.33006161621424	223.54701980401236	33.650373102536854	46.62923224759336	63.3649298757171	221.08346328195722	242.103675321429	Pt
766.7	671.6267591627839	455.4993389040957	233.2477802532147	127.16428193482633	151.1325057124209	110.52661153736592	38.482327119457686	7.480000000000018	38.482327119457686	110.52661153736592	151.1325057124209	127.16428193482633	233.2477802532147	455.4993389040957	671.6267591627839	Co
1189.65	856.4345390318742	321.0610122945255	305.5342986537974	279.5934507459	228.29369802340713	266.77799494038965	264.6996511939345	245.6300000000001	264.6996511939345	266.77799494038965	228.29369802340713	279.5934507459	305.5342986537974	321.0610122945255	856.4345390318742	Pt
847.5500000000001	454.7825325866455	77.98980855494125	193.35723596640042	163.5500256802181	168.30315120716236	198.84177217467064	116.37869327007189	62.370000000000005	116.37869327007189	198.84177217467064	168.30315120716236	163.5500256802181	193.35723596640042	77.98980855494125	454.7825325866455	Pt
1243.11	438.9373033608442	183.9091051198673	286.8708475858498	145.89935743518546	161.95097686590987	312.5223935240635	146.07480417876297	27.169999999999845	146.07480417876297	312.5223935240635	161.95097686590987	145.89935743518546	286.8708475858498	183.9091051198673	438.9373033608442	Pt
931.8100000000001	192.01845450521603	215.17094921869227	159.44354079791174	4.488485267882691	147.60915108042803	197.64476621536667	22.11181911486094	34.870000000000005	22.11181911486094	197.64476621536667	147.60915108042803	4.488485267882691	159.44354079791174	215.17094921869227	192.01845450521603	Co
955.02	254.53146949311028	490.410509378372	94.61685179872309	250.2662214522767	152.14151546966536	295.9589402117221	116.21044730991235	75.90000000000003	116.21044730991235	295.9589402117221	152.14151546966536	250.2662214522767	94.61685179872309	490.410509378372	254.53146949311028	Co
838.6400000000001	688.2113680217644	465.1128635458699	305.75879141349344	193.12648342472352	187.08865558323924	169.74328076292466	161.54543061017705	95.26000000000005	161.54543061017705	169.74328076292466	187.08865558323924	193.12648342472352	305.75879141349344	465.1128635458699	688.2113680217644	Co
1159.51	285.94656105569857	459.39367900755116	158.63187554151605	240.61425747448968	58.15018427253557	134.66465567440838	107.01346060973259	91.18999999999983	107.01346060973259	134.66465567440838	58.15018427253557	240.61425747448968	158.63187554151605	459.39367900755116	285.94656105569857	Pt
798.1600000000001	582.1887644461802	329.2520921367892	213.6787851075359	134.29626055851296	130.12407769299563	149.85523889256356	256.7162849375648	324.28000000000003	256.7162849375648	149.85523889256356	130.12407769299563	134.29626055851296	213.6787851075359	329.2520921367892	582.1887644461802	Pt
1096.5900000000001	706.8416461998182	606.0062144206678	604.7240924953968	309.2647799216716	308.00426831159814	243.58890591225943	227.8766628134322	161.37	227.8766628134322	243.58890591225943	308.00426831159814	309.2647799216716	604.7240924953968	606.0062144206678	706.8416461998182	Co
1300.75	53.49315156027118	366.3598900281957	16.14803110058155	213.83233268147265	27.13943904609751	431.27743689941434	66.9585474453237	131.67000000000007	66.9585474453237	431.27743689941434	27.13943904609751	213.83233268147265	16.14803110058155	366.3598900281957	53.49315156027118	Pt
902.8800000000001	266.1150165128806	527.0098191496372	220.5139787054525	247.8610255768341	83.45279829668156	107.54595724557329	86.0137386601346	154.00000000000006	86.0137386601346	107.54595724557329	83.45279829668156	247.8610255768341	220.5139787054525	527.0098191496372	266.1150165128806	Pt
968.77	345.43218735003023	411.9992057607795	189.75882156592195	90.80038601239532	87.81171006728117	139.85713086034195	141.72408107144656	13.53000000000003	141.72408107144656	139.85713086034195	87.81171006728117	90.80038601239532	189.75882156592195	411.9992057607795	345.43218735003023	Pt
1450.46	54.580715030720874	367.4874763170612	26.374322763122294	190.24651849639716	56.15226821585492	444.6123686427508	151.1496166708225	5.279999999999973	151.1496166708225	444.6123686427508	56.15226821585492	190.24651849639716	26.374322763122294	367.4874763170612	54.580715030720874	Co
1282.93	73.50927089142836	250.70637931119714	68.0368646050724	88.28094528265997	82.26035321668004	205.92841079528134	139.94215246446902	191.06999999999994	139.94215246446902	205.92841079528134	82.26035321668004	88.28094528265997	68.0368646050724	250.70637931119714	73.50927089142836	Pt
994.18	867.084216527944	566.6225383169688	246.28527060772942	93.21732564282247	212.27645117171656	236.8074092405795	162.0723246200319	87.12	162.0723246200319	236.8074092405795	212.27645117171656	93.21732564282247	246.28527060772942	566.6225383169688	867.084216527944	Co
1147.41	197.43495262143585	103.56898831930647	18.746647304488903	64.08507860648999	57.54331127652979	136.45017720221313	119.48218622683827	139.81	119.48218622683827	136.45017720221313	57.54331127652979	64.08507860648999	18.746647304488903	103.56898831930647	197.43495262143585	Pt
1070.85	276.88075395743203	301.0668469009425	100.01405567412971	148.9298039346054	97.70455473229815	189.81008902880913	71.84437862588443	36.85000000000002	71.84437862588443	189.81008902880913	97.70455473229815	148.9298039346054	100.01405567412971	301.0668469009425	276.88075395743203	Pt
800.91	602.5592398009657	253.48583996215757	50.16558832642453	37.977410390915274	126.47813126611297	199.2372262873569	184.74612361231854	172.14999999999998	184.74612361231854	199.2372262873569	126.47813126611297	37.977410390915274	50.16558832642453	253.48583996215757	602.5592398009657	Pt
828.6300000000001	675.3171894489556	364.81857726741623	132.84438381569814	118.80127314132622	24.643011370773255	189.33892119841144	352.46063285701985	420.75000000000006	352.46063285701985	189.33892119841144	24.643011370773255	118.80127314132622	132.84438381569814	364.81857726741623	675.3171894489556	Co
1440.3400000000001	1015.238298324196	377.9789876608786	66.9736369090663	98.68661510052921	238.07078913181533	342.3532556977621	285.45809663962615	90.41999999999996	285.45809663962615	342.3532556977621	238.07078913181533	98.68661510052921	66.9736369090663	377.9789876608786	1015.238298324196	Pt
854.15	641.6120334501167	253.02617292519795	167.35118645609424	112.16575457776763	111.7785767378944	102.46447977142037	15.977318491991989	32.66999999999996	15.977318491991989	102.46447977142037	111.7785767378944	112.16575457776763	167.35118645609424	253.02617292519795	641.6120334501167	Pt
1082.29	795.5441799291261	389.6215022390912	221.55587084847778	171.80848552967345	243.86294830220834	377.66480004489944	335.5546452052505	327.0300000000001	335.5546452052505	377.66480004489944	243.86294830220834	171.80848552967345	221.55587084847778	389.6215022390912	795.5441799291261	Pt
1315.4899999999998	114.25249083430258	608.9813802921781	59.559337103081354	403.9998110148072	59.53715209227755	551.8593105651419	83.65822387990391	225.39	83.65822387990391	551.8593105651419	59.53715209227755	403.9998110148072	59.559337103081354	608.9813802921781	114.25249083430258	Pt
988.02	575.1537004766448	400.94335999458644	460.565562179428	99.62915637502905	209.11976540986365	162.77900379425935	200.8288014137739	84.25999999999993	200.8288014137739	162.77900379425935	209.11976540986365	99.62915637502905	460.565562179428	400.94335999458644	575.1537004766448	Pt
867.3499999999999	679.0887040833653	289.7237332873542	17.49441532177584	69.29624593006466	139.11370606452905	156.85957595900243	93.16122478755106	2.9699999999999704	93.16122478755106	156.85957595900243	139.11370606452905	69.29624593006466	17.49441532177584	289.7237332873542	679.0887040833653	Co
765.8199999999999	611.7182460351349	333.1788558033429	165.22333653921473	104.43919283487398	199.00045391847226	185.09469372614447	111.28680366867202	90.19999999999999	111.28680366867202	185.09469372614447	199.00045391847226	104.43919283487398	165.22333653921473	333.1788558033429	611.7182460351349	Pt
572.0	433.2039640259228	241.6337791973351	203.85374870313024	192.45888703824514	218.79931331893286	138.139931775043	71.51634206998764	90.63999999999999	71.51634206998764	138.139931775043	218.79931331893286	192.45888703824514	203.85374870313024	241.6337791973351	433.2039640259228	Co
631.62	563.2092946146304	384.49937402703773	163.24720592475768	50.14962612024141	149.03674260837934	164.4155727807319	110.60563805762378	53.67999999999995	110.60563805762378	164.4155727807319	149.03674260837934	50.14962612024141	163.24720592475768	384.49937402703773	563.2092946146304	Pt
1042.58	655.7314048552096	303.5188671416046	40.49164075301311	83.95601824765156	153.729533595642	231.6432552203431	191.5802051784278	112.19999999999999	191.5802051784278	231.6432552203431	153.729533595642	83.95601824765156	40.49164075301311	303.5188671416046	655.7314048552096	Pt
1195.81	57.773675646407575	293.4781430029944	75.25783000323008	131.48791921693794	48.076605231304626	243.53970390783093	104.05870388843937	295.13	104.05870388843937	243.53970390783093	48.076605231304626	131.48791921693794	75.25783000323008	293.4781430029944	57.773675646407575	Pt
627.0	35.79159693378285	256.88324024916244	41.42912469418165	169.1552517659443	37.876825450391564	75.29945603449659	70.12046284647688	155.76	70.12046284647688	75.29945603449659	37.876825450391564	169.1552517659443	41.42912469418165	256.88324024916244	35.79159693378285	Pt
627.0	35.79159693378285	256.88324024916244	41.42912469418165	169.1552517659443	37.876825450391564	75.29945603449659	70.12046284647688	155.76	70.12046284647688	75.29945603449659	37.876825450391564	169.1552517659443	41.42912469418165	256.88324024916244	35.79159693378285	Pt
1175.9	20.839761771557605	347.1835623076802	37.52199194592633	230.5735396787759	42.32281424144241	278.53077184280585	121.22247912165022	236.50000000000006	121.22247912165022	278.53077184280585	42.32281424144241	230.5735396787759	37.52199194592633	347.1835623076802	20.839761771557605	Pt
1038.1799999999998	656.200356378062	285.56791469499206	251.6465755579317	182.5078683235328	77.67335849764162	107.93295185787213	294.7891698807259	467.93999999999994	294.7891698807259	107.93295185787213	77.67335849764162	182.5078683235328	251.6465755579317	285.56791469499206	656.200356378062	Pt
1461.1299999999999	1023.8736844980656	364.2301376133863	53.02904825903533	104.01656070068839	304.77338112816796	439.7650966756385	347.9081648780334	111.87000000000012	347.9081648780334	439.7650966756385	304.77338112816796	104.01656070068839	53.02904825903533	364.2301376133863	1023.8736844980656	Co
923.5600000000001	485.8607701577118	179.60320354202787	41.85901694535815	147.11676519010334	141.2336242755195	201.74967280627973	189.17675252558072	182.82000000000005	189.17675252558072	201.74967280627973	141.2336242755195	147.11676519010334	41.85901694535815	179.60320354202787	485.8607701577118	Pt
1212.5300000000002	546.5436383675502	115.19769602751408	93.60448036912106	201.73175283033657	207.48543997252798	217.37218274184133	167.62582979419912	100.64999999999998	167.62582979419912	217.37218274184133	207.48543997252798	201.73175283033657	93.60448036912106	115.19769602751408	546.5436383675502	Pt
1257.96	12.176246592415927	311.1954925655284	70.08356699004642	131.86949381869942	57.97432915085166	346.80054470386597	92.80209165951527	193.82000000000005	92.80209165951527	346.80054470386597	57.97432915085166	131.86949381869942	70.08356699004642	311.1954925655284	12.176246592415927	Co
1174.8	147.4569074297148	302.3748218284982	86.37404220555644	78.87084378907072	68.706024070561	310.98152923314274	22.21445342007675	172.48000000000002	22.21445342007675	310.98152923314274	68.706024070561	78.87084378907072	86.37404220555644	302.3748218284982	147.4569074297148	Co
1030.04	124.04008912077964	279.49259388379375	47.975961991491154	66.6923024044005	11.44061529815414	127.21799072501001	75.83801476502188	81.84000000000009	75.83801476502188	127.21799072501001	11.44061529815414	66.6923024044005	47.975961991491154	279.49259388379375	124.04008912077964	Pt
1075.9099999999999	677.0074756025704	112.39576953975052	248.45298287228212	286.26034880856264	174.34990765454148	55.24937637265493	135.8090960906279	223.85000000000002	135.8090960906279	55.24937637265493	174.34990765454148	286.26034880856264	248.45298287228212	112.39576953975052	677.0074756025704	Pt
759.3299999999999	208.66895842626553	116.52976770007284	166.30345837697902	149.21957143752962	47.37263203207851	164.65023850504156	124.90427877181449	45.86999999999995	124.90427877181449	164.65023850504156	47.37263203207851	149.21957143752962	166.30345837697902	116.52976770007284	208.66895842626553	Pt
934.7800000000001	572.6127806950401	249.66064423340916	174.4307026248633	57.38416506319493	89.94082003003233	193.49072515487424	245.84989375392402	232.10000000000002	245.84989375392402	193.49072515487424	89.94082003003233	57.38416506319493	174.4307026248633	249.66064423340916	572.6127806950401	Pt
914.76	299.4144829864534	218.66265668136626	145.35103287628323	71.22650770604999	143.42680465851984	189.5644032329039	114.54688265159916	6.3799999999999955	114.54688265159916	189.5644032329039	143.42680465851984	71.22650770604999	145.35103287628323	218.66265668136626	299.4144829864534	Pt
1106.82	243.58833733905945	41.495594912337424	53.132881283526025	58.22523507895867	81.83553656544755	182.12092137607695	38.20344217408419	181.94000000000005	38.20344217408419	182.12092137607695	81.83553656544755	58.22523507895867	53.132881283526025	41.495594912337424	243.58833733905945	Co
1186.57	122.00499306119146	312.46981821499816	13.155253250069453	204.91193157061397	33.005256781878586	270.4006843643077	163.8186778265147	221.43000000000006	163.8186778265147	270.4006843643077	33.005256781878586	204.91193157061397	13.155253250069453	312.46981821499816	122.00499306119146	Pt
884.4000000000001	160.11618585195225	279.7962750957941	148.0375422945365	268.93418562912376	77.01728910448259	273.90703102059774	48.39665152273407	130.90000000000003	48.39665152273407	273.90703102059774	77.01728910448259	268.93418562912376	148.0375422945365	279.7962750957941	160.11618585195225	Co
1068.1	746.0985115566798	459.3873323560543	444.0300505673061	306.3159316783898	386.58818157403005	440.4198438658142	261.29413294865145	17.82000000000005	261.29413294865145	440.4198438658142	386.58818157403005	306.3159316783898	444.0300505673061	459.3873323560543	746.0985115566798	Pt
635.25	255.97206344641347	350.27004559212855	219.41420873839905	236.8355178177462	167.63624824925176	190.87807040330267	17.582389246139545	115.1699999999999	17.582389246139545	190.87807040330267	167.63624824925176	236.8355178177462	219.41420873839905	350.27004559212855	255.97206344641347	Co
980.21	722.8758647454555	297.60796424788293	106.22413029566793	195.80509824823255	374.68610795361104	414.06124452335655	279.2785978517044	158.95000000000005	279.2785978517044	414.06124452335655	374.68610795361104	195.80509824823255	106.22413029566793	297.60796424788293	722.8758647454555	Pt
695.2	161.6900092355396	425.04789927328824	48.10556137104645	170.7259535044394	55.0376527539658	70.59472588915325	77.01484439977455	55.44	77.01484439977455	70.59472588915325	55.0376527539658	170.7259535044394	48.10556137104645	425.04789927328824	161.6900092355396	Pt
852.5	554.2560045039886	308.75584040001564	372.1242471055822	215.84685357910598	225.54417744238762	57.07777342258611	154.49168459569302	154.00000000000006	154.49168459569302	57.07777342258611	225.54417744238762	215.84685357910598	372.1242471055822	308.75584040001564	554.2560045039886	Pt
955.79	747.4108995568231	588.7174985250066	517.0894894066537	365.8717241055942	300.9941918569958	279.3583661365077	207.37624752410926	95.81	207.37624752410926	279.3583661365077	300.9941918569958	365.8717241055942	517.0894894066537	588.7174985250066	747.4108995568231	Co
684.31	30.046764281497314	279.0553684295496	53.020054717656635	129.4862606611219	10.33185549602086	82.8608831153055	94.82415998024017	48.72999999999996	94.82415998024017	82.8608831153055	10.33185549602086	129.4862606611219	53.020054717656635	279.0553684295496	30.046764281497314	Pt
756.25	491.55992875484515	121.46905633819077	118.69932863518457	116.60129716259593	325.16130852943843	397.5614072722721	294.55083510238325	161.59000000000003	294.55083510238325	397.5614072722721	325.16130852943843	116.60129716259593	118.69932863518457	121.46905633819077	491.55992875484515	Co
834.02	477.1148337817592	184.18753575372224	397.84046035686526	150.2215031212243	186.13843870136265	147.6372529985955	128.12378516989335	147.62000000000006	128.12378516989335	147.6372529985955	186.13843870136265	150.2215031212243	397.84046035686526	184.18753575372224	477.1148337817592	Pt
1260.71	245.4074860742167	600.5055422084341	45.48047920321663	187.180991823422	92.97869723792239	249.14799292178637	59.08001057987121	39.26999999999998	59.08001057987121	249.14799292178637	92.97869723792239	187.180991823422	45.48047920321663	600.5055422084341	245.4074860742167	Pt
1208.02	70.38458867804066	268.6475959782657	37.9230359591232	166.6096617846636	32.82678534106848	244.58812721613964	129.52348043670494	178.63999999999987	129.52348043670494	244.58812721613964	32.82678534106848	166.6096617846636	37.9230359591232	268.6475959782657	70.38458867804066	Pt
1185.58	263.94519328404635	279.13268057121576	87.88222281857502	230.95227602255838	96.25167835107537	196.94336200321064	199.72036918981217	105.15999999999985	199.72036918981217	196.94336200321064	96.25167835107537	230.95227602255838	87.88222281857502	279.13268057121576	263.94519328404635	Co
1065.02	764.6189339511235	590.6153105075068	443.06024224781004	330.6870414757736	258.0080400338233	268.4951101866129	189.00986551147176	15.400000000000091	189.00986551147176	268.4951101866129	258.0080400338233	330.6870414757736	443.06024224781004	590.6153105075068	764.6189339511235	Pt
1179.1999999999998	1021.1263142512727	942.6134248600112	668.7432510730828	457.53785635726365	190.31111061891357	23.409427025881957	150.9269215972106	184.36	150.9269215972106	23.409427025881957	190.31111061891357	457.53785635726365	668.7432510730828	942.6134248600112	1021.1263142512727	Co
838.42	94.08714380152948	218.91161006482074	26.13630293444224	105.56791179141509	72.55285762822699	169.54379310027213	54.18657666034648	46.860000000000014	54.18657666034648	169.54379310027213	72.55285762822699	105.56791179141509	26.13630293444224	218.91161006482074	94.08714380152948	Pt
1488.74	244.66022984311635	194.64342694983134	47.5462628169931	257.70152424849954	90.65190732909784	159.57570599945865	7.719774792540567	0.6600000000000819	7.719774792540567	159.57570599945865	90.65190732909784	257.70152424849954	47.5462628169931	194.64342694983134	244.66022984311635	Pt
1162.7	802.7289152936829	210.37773734740327	196.42127710883952	221.10273630147594	290.2105638993914	190.86355343173045	270.5369783441015	281.37999999999994	270.5369783441015	190.86355343173045	290.2105638993914	221.10273630147594	196.42127710883952	210.37773734740327	802.7289152936829	Co
706.8599999999999	568.881132070263	378.3588943956941	206.73480870474026	209.62710130133465	224.8072431762647	263.83070221577333	209.134624248971	121.21999999999997	209.134624248971	263.83070221577333	224.8072431762647	209.62710130133465	206.73480870474026	378.3588943956941	568.881132070263	Co
939.62	609.2781531644326	91.43198960445403	270.0376138805029	88.89538233226745	183.24763769177378	232.10778633421808	180.19659943141815	125.39999999999998	180.19659943141815	232.10778633421808	183.24763769177378	88.89538233226745	270.0376138805029	91.43198960445403	609.2781531644326	Pt
1172.38	656.9846555175747	340.77822085798306	310.7378767768273	143.12686680005262	200.2247305585505	234.90056915398856	231.20499394139165	41.58000000000004	231.20499394139165	234.90056915398856	200.2247305585505	143.12686680005262	310.7378767768273	340.77822085798306	656.9846555175747	Pt
1141.69	792.8633533264809	440.30513800424427	294.93485716142993	102.67691317915629	180.7764828371149	267.0036607371954	314.7070419232735	326.1500000000001	314.7070419232735	267.0036607371954	180.7764828371149	102.67691317915629	294.93485716142993	440.30513800424427	792.8633533264809	Pt
1294.48	191.71648847584905	396.9826093180836	76.93213381594985	148.83491861791032	88.49086921301134	214.61290245231254	111.81123780255784	128.2600000000001	111.81123780255784	214.61290245231254	88.49086921301134	148.83491861791032	76.93213381594985	396.9826093180836	191.71648847584905	Co
992.0900000000001	773.7621912698266	456.4616806691004	408.14343384537716	242.27616742056992	207.4942857956299	190.3168250069874	80.10659980539579	196.79000000000002	80.10659980539579	190.3168250069874	207.4942857956299	242.27616742056992	408.14343384537716	456.4616806691004	773.7621912698266	Pt
977.9000000000001	680.5170329059982	385.37601881704506	395.55551850710214	248.74076987900474	200.53331849017442	311.49389419493366	286.40221346685223	169.83999999999997	286.40221346685223	311.49389419493366	200.53331849017442	248.74076987900474	395.55551850710214	385.37601881704506	680.5170329059982	Pt
971.85	631.5724669646181	292.9497532850138	224.3231094299831	120.59477144553159	149.9106437602829	226.99982698286266	279.41551144356293	263.89	279.41551144356293	226.99982698286266	149.9106437602829	120.59477144553159	224.3231094299831	292.9497532850138	631.5724669646181	Pt
874.17	76.51196040902217	233.02397877850888	29.39024733117996	20.294031142185634	42.732978323752974	211.24320087101742	54.21230708761578	139.37	54.21230708761578	211.24320087101742	42.732978323752974	20.294031142185634	29.39024733117996	233.02397877850888	76.51196040902217	Co
1209.01	243.98509111201705	619.0337740621981	154.8653237696701	355.7632815510898	131.76087788723964	407.26528107648886	277.30070296910526	160.49	277.30070296910526	407.26528107648886	131.76087788723964	355.7632815510898	154.8653237696701	619.0337740621981	243.98509111201705	Pt
956.56	254.3047633402974	344.29987690115433	61.39315503256105	78.33390326033805	38.563535274517825	109.44281413528262	64.5405113453114	216.03999999999996	64.5405113453114	109.44281413528262	38.563535274517825	78.33390326033805	61.39315503256105	344.29987690115433	254.3047633402974	Co
982.8499999999999	181.3133422366162	170.15860138619362	120.40127463809132	120.46426399559324	45.24906922964176	235.12889438411108	86.956558846137	4.069999999999993	86.956558846137	235.12889438411108	45.24906922964176	120.46426399559324	120.40127463809132	170.15860138619362	181.3133422366162	Co
967.3399999999999	655.6892122275651	374.4759898856886	237.75130394413307	205.74411291699207	77.22356516850283	253.9288101006534	222.45455496331286	92.18	222.45455496331286	253.9288101006534	77.22356516850283	205.74411291699207	237.75130394413307	374.4759898856886	655.6892122275651	Pt
1120.79	761.9974609797116	421.30471086903015	417.82849563426646	180.02766148567284	278.10753740874753	297.73295753000355	221.44651664210127	115.61000000000001	221.44651664210127	297.73295753000355	278.10753740874753	180.02766148567284	417.82849563426646	421.30471086903015	761.9974609797116	Co
1115.5100000000002	298.3786093262712	293.7860412938057	270.7654307573686	186.67155568002318	120.24362709824048	208.4129471527965	128.71675238894238	71.83000000000004	128.71675238894238	208.4129471527965	120.24362709824048	186.67155568002318	270.7654307573686	293.7860412938057	298.3786093262712	Pt
626.78	441.15077373192906	177.15911542246644	38.00806954387627	113.60523931579918	154.73776196798897	100.57617323565869	44.036286246755616	82.94000000000005	44.036286246755616	100.57617323565869	154.73776196798897	113.60523931579918	38.00806954387627	177.15911542246644	441.15077373192906	Pt
639.21	55.081294794248365	226.0106148936916	50.65931826622333	171.14971370119204	44.51605635503417	87.71025342213655	76.52465722357744	130.35000000000002	76.52465722357744	87.71025342213655	44.51605635503417	171.14971370119204	50.65931826622333	226.0106148936916	55.081294794248365	Pt
1034.77	643.2427624739662	296.61904216586686	172.84251274119296	120.62607222321381	163.14019570074726	268.5632276105642	172.781309350558	195.69	172.781309350558	268.5632276105642	163.14019570074726	120.62607222321381	172.84251274119296	296.61904216586686	643.2427624739662	Pt
1526.69	328.86596253199787	177.75343450268298	120.3136167083513	306.0653291374245	44.78492878102305	238.28983176480781	96.02411195391068	201.63	96.02411195391068	238.28983176480781	44.78492878102305	306.0653291374245	120.3136167083513	177.75343450268298	328.86596253199787	Co
787.9300000000001	686.3354948854535	538.2334783665553	441.4354437092687	331.2254895082804	240.45952098756055	159.5238018774595	67.9186444503555	20.130000000000052	67.9186444503555	159.5238018774595	240.45952098756055	331.2254895082804	441.4354437092687	538.2334783665553	686.3354948854535	Pt
1410.1999999999998	118.61141105654251	372.7036126781996	61.39156933049582	143.67263344144564	73.055292856183	297.87759146437753	45.23264051558521	256.9599999999999	45.23264051558521	297.87759146437753	73.055292856183	143.67263344144564	61.39156933049582	372.7036126781996	118.61141105654251	Co
1038.5099999999998	105.77208431876417	211.24875379080157	54.62609819599702	112.97	100.22574077832887	155.70887008078017	42.06830707528844	230.66999999999996	42.06830707528844	155.70887008078017	100.22574077832887	112.97	54.62609819599702	211.24875379080157	105.77208431876417	Pt
1126.0700000000002	923.9140645412867	529.394452683553	311.0034369575029	337.2808979174481	326.8678722994384	223.75805162693328	173.27820982990764	181.83000000000004	173.27820982990764	223.75805162693328	326.8678722994384	337.2808979174481	311.0034369575029	529.394452683553	923.9140645412867	Pt
1205.27	18.255628826787333	404.4339382906253	16.51417362988916	197.73291708767155	25.26574488401635	286.9306044302954	42.1099871873199	342.21000000000004	42.1099871873199	286.9306044302954	25.26574488401635	197.73291708767155	16.51417362988916	404.4339382906253	18.255628826787333	Co
812.79	573.3768636025945	385.74525456105295	409.03275397054347	208.08677060303472	247.60650750523692	243.534803228673	130.08767007515934	230.01	130.08767007515934	243.534803228673	247.60650750523692	208.08677060303472	409.03275397054347	385.74525456105295	573.3768636025945	Co
807.6199999999999	517.2679619353506	62.03124419974432	241.90228520233006	97.14052604345933	89.95731367695689	123.15273908050803	37.345715753815085	40.47999999999996	37.345715753815085	123.15273908050803	89.95731367695689	97.14052604345933	241.90228520233006	62.03124419974432	517.2679619353506	Pt
768.57	586.9896048016748	278.3681287992194	146.2526146963914	104.48523579913098	169.18410691761758	125.0323936778833	104.19703506209123	109.88999999999999	104.19703506209123	125.0323936778833	169.18410691761758	104.48523579913098	146.2526146963914	278.3681287992194	586.9896048016748	Pt
1156.3200000000002	217.83040884595175	180.2022967577197	121.59864901041814	96.39477682945274	29.409589744508327	190.76981061803968	157.1707656401354	156.86	157.1707656401354	190.76981061803968	29.409589744508327	96.39477682945274	121.59864901041814	180.2022967577197	217.83040884595175	Pt
790.24	576.364747372544	342.7695245100748	333.3256649503343	372.10084869561905	429.48163199380656	435.83088861063675	289.7140501452038	197.11999999999995	289.7140501452038	435.83088861063675	429.48163199380656	372.10084869561905	333.3256649503343	342.7695245100748	576.364747372544	Pt
740.8499999999999	134.9685048140797	166.617671494118	104.53687566314493	102.83399875527546	36.74262403907721	182.65828463521214	35.59776837897217	57.74999999999994	35.59776837897217	182.65828463521214	36.74262403907721	102.83399875527546	104.53687566314493	166.617671494118	134.9685048140797	Pt
718.19	93.44071314258538	203.3522881951793	76.3045825235955	168.86504818937516	51.9514063439372	171.14616760472538	38.20044492138794	114.51000000000005	38.20044492138794	171.14616760472538	51.9514063439372	168.86504818937516	76.3045825235955	203.3522881951793	93.44071314258538	Pt
868.78	528.3812886564499	232.45104361466403	338.48219056193534	146.3154653479939	116.86807326648548	201.56234152850467	204.7775913549197	81.83999999999997	204.7775913549197	201.56234152850467	116.86807326648548	146.3154653479939	338.48219056193534	232.45104361466403	528.3812886564499	Pt
1185.91	80.20360302450838	276.29354247617425	101.21155459516861	82.21799134009542	88.55191113989027	190.87387926577736	36.24469494683676	248.26999999999998	36.24469494683676	190.87387926577736	88.55191113989027	82.21799134009542	101.21155459516861	276.29354247617425	80.20360302450838	Pt
1161.4899999999998	781.1899246347494	192.83373749381113	253.21183494886597	244.70797391993582	38.89809926674052	146.66287561672843	103.80496406443088	99.33000000000004	103.80496406443088	146.66287561672843	38.89809926674052	244.70797391993582	253.21183494886597	192.83373749381113	781.1899246347494	Pt
893.53	676.0973794302051	362.03497831002227	105.54177005506203	96.88577449760105	147.75179455788304	164.4924249929513	94.08143656523814	21.00999999999999	94.08143656523814	164.4924249929513	147.75179455788304	96.88577449760105	105.54177005506203	362.03497831002227	676.0973794302051	Co
1036.6399999999999	148.00056735516966	253.10716245407156	145.48794997665792	140.39077248879286	110.02843178213126	240.99997658599102	66.8741674617505	88.21999999999997	66.8741674617505	240.99997658599102	110.02843178213126	140.39077248879286	145.48794997665792	253.10716245407156	148.00056735516966	Pt
838.09	632.9842084015484	258.4387385025718	67.54913207110286	169.93234212474096	223.21017560035892	171.26838307521703	94.4604498145283	22.989999999999895	94.4604498145283	171.26838307521703	223.21017560035892	169.93234212474096	67.54913207110286	258.4387385025718	632.9842084015484	Co
807.8399999999999	140.4236509656486	327.84070823376175	38.813367026130614	143.28199886936252	101.06295677060174	252.5445299838931	56.908976078963676	122.76000000000005	56.908976078963676	252.5445299838931	101.06295677060174	143.28199886936252	38.813367026130614	327.84070823376175	140.4236509656486	Co
1018.27	583.7273174235462	208.61724795764263	303.75808075834794	151.4231808541876	87.87595430231913	119.52097244659397	150.1866023417937	148.8300000000001	150.1866023417937	119.52097244659397	87.87595430231913	151.4231808541876	303.75808075834794	208.61724795764263	583.7273174235462	Co
1045.1100000000001	242.41382977030335	212.03718045688876	221.46710755364157	82.40057342033487	76.13384086617852	114.54306222505492	31.891511141391977	130.35000000000002	31.891511141391977	114.54306222505492	76.13384086617852	82.40057342033487	221.46710755364157	212.03718045688876	242.41382977030335	Pt
1250.15	109.22721216933553	376.560955775865	139.94185134400007	167.17485008218196	189.00982988095495	477.2554871189718	228.94285176109176	461.89	228.94285176109176	477.2554871189718	189.00982988095495	167.17485008218196	139.94185134400007	376.560955775865	109.22721216933553	Pt
852.28	705.6266572552051	511.4868593719269	418.4197870555546	311.28289705668055	254.4881907465279	276.0891962570117	252.8637323575455	86.68	252.8637323575455	276.0891962570117	254.4881907465279	311.28289705668055	418.4197870555546	511.4868593719269	705.6266572552051	Co
1212.6399999999999	761.6502612794086	165.18112581891978	252.64586810701425	118.78879576795111	219.42324792415886	238.26653829943095	283.31653233066885	263.99999999999994	283.31653233066885	238.26653829943095	219.42324792415886	118.78879576795111	252.64586810701425	165.18112581891978	761.6502612794086	Pt
1122.8799999999999	11.638844924305477	451.3188949322477	53.95991058153718	231.78960287295027	77.43013823792411	380.03246371479213	106.25299163466616	322.96	106.25299163466616	380.03246371479213	77.43013823792411	231.78960287295027	53.95991058153718	451.3188949322477	11.638844924305477	Pt
802.1199999999999	631.7113320302085	303.74509866764015	79.86591196019639	138.67898543038166	211.51903467036914	121.77317699471246	25.609120709249463	75.02000000000004	25.609120709249463	121.77317699471246	211.51903467036914	138.67898543038166	79.86591196019639	303.74509866764015	631.7113320302085	Co
1040.82	543.2399670578983	229.4390546999513	273.96314815626835	261.23154250587726	188.0905699254462	115.75504212945872	235.38863258101694	35.420000000000016	235.38863258101694	115.75504212945872	188.0905699254462	261.23154250587726	273.96314815626835	229.4390546999513	543.2399670578983	Pt
1431.65	130.73837557581317	237.24922207583316	99.83755933755505	184.1565912477748	88.45976656776139	189.9745488859284	134.170528045823	139.37	134.170528045823	189.9745488859284	88.45976656776139	184.1565912477748	99.83755933755505	237.24922207583316	130.73837557581317	Pt
1296.57	76.69157957126865	205.5722662652569	156.72331475839624	311.5851114864123	54.86624088058863	68.21202784382176	165.61815433592315	63.47000000000003	165.61815433592315	68.21202784382176	54.86624088058863	311.5851114864123	156.72331475839624	205.5722662652569	76.69157957126865	Pt
961.1800000000001	707.3609353832142	218.8055012453308	86.93549444467658	70.81984185240744	108.64998194945946	151.5494395396419	166.40876996668825	176.22000000000003	166.40876996668825	151.5494395396419	108.64998194945946	70.81984185240744	86.93549444467658	218.8055012453308	707.3609353832142	Co
1381.6	207.07929076846247	426.168201834109	25.67059568418154	114.4211518907234	55.146409880469676	285.00967096834125	85.45385965154004	9.239999999999895	85.45385965154004	285.00967096834125	55.146409880469676	114.4211518907234	25.67059568418154	426.168201834109	207.07929076846247	Pt
1128.16	367.3911405136221	510.15025345402984	228.1538890999075	266.38157443787287	48.766705570564035	93.60634006726885	185.20555604106752	45.319999999999936	185.20555604106752	93.60634006726885	48.766705570564035	266.38157443787287	228.1538890999075	510.15025345402984	367.3911405136221	Pt
1248.83	126.45603864071249	144.20328094366462	205.40824049013662	191.24546347560772	34.524834460291366	197.69901761284135	33.543757027714065	66.55000000000007	33.543757027714065	197.69901761284135	34.524834460291366	191.24546347560772	205.40824049013662	144.20328094366462	126.45603864071249	Co
1124.8600000000001	55.99952014083369	356.75530684950985	57.81760275874438	187.80869255708055	35.39395451477936	225.55909078268638	122.22958454905311	153.12	122.22958454905311	225.55909078268638	35.39395451477936	187.80869255708055	57.81760275874438	356.75530684950985	55.99952014083369	Pt
1210.1100000000001	61.760163572391306	257.4576701193755	7.094746574355677	188.77887726120207	33.34723361849655	434.9398348009789	19.646383294401915	34.21000000000015	19.646383294401915	434.9398348009789	33.34723361849655	188.77887726120207	7.094746574355677	257.4576701193755	61.760163572391306	Pt
940.5	613.9652973174602	493.43906113824056	412.6781935273943	319.08290646789595	349.45046474403904	461.5154291494616	481.7638190721926	361.9000000000001	481.7638190721926	461.5154291494616	349.45046474403904	319.08290646789595	412.6781935273943	493.43906113824056	613.9652973174602	Co
1132.4499999999998	79.18558416786094	457.7859953754303	66.92692498863138	205.18691893003313	86.54998911472192	395.0923019221288	67.67987112725791	397.87	67.67987112725791	395.0923019221288	86.54998911472192	205.18691893003313	66.92692498863138	457.7859953754303	79.18558416786094	Pt
1126.73	39.66855657031721	165.24388243983776	35.11493628624705	179.57367763678505	23.75380414617255	108.00486246558103	72.02988864232425	196.1300000000001	72.02988864232425	108.00486246558103	23.75380414617255	179.57367763678505	35.11493628624705	165.24388243983776	39.66855657031721	Co
1135.53	675.0798869520182	170.49724127886404	106.89937596641583	106.42003993609474	236.88734427573934	200.3170899256896	127.63082454026735	107.02999999999997	127.63082454026735	200.3170899256896	236.88734427573934	106.42003993609474	106.89937596641583	170.49724127886404	675.0798869520182	Pt
1487.5300000000002	481.07222208232923	17.72006662706385	144.44675392298552	60.82323651368774	65.87762174075706	205.59066281991605	175.14772672137167	26.730000000000018	175.14772672137167	205.59066281991605	65.87762174075706	60.82323651368774	144.44675392298552	17.72006662706385	481.07222208232923	Pt
1112.1	275.29544647887826	682.7630849995602	113.73670344512969	184.646001310616	84.96008256765971	385.00338461094526	170.29771521522574	569.8000000000001	170.29771521522574	385.00338461094526	84.96008256765971	184.646001310616	113.73670344512969	682.7630849995602	275.29544647887826	Pt
767.9099999999999	567.6546872736039	318.9354793781675	247.04337997770406	111.54938323451188	47.74569214547632	49.234757984766404	169.58628513841555	270.2699999999999	169.58628513841555	49.234757984766404	47.74569214547632	111.54938323451188	247.04337997770406	318.9354793781675	567.6546872736039	Co
899.47	761.8862997213571	447.8278032058652	151.95054295096233	112.14590362558947	207.8357897956211	234.5603233196289	161.87303071801875	24.089999999999918	161.87303071801875	234.5603233196289	207.8357897956211	112.14590362558947	151.95054295096233	447.8278032058652	761.8862997213571	Co
969.43	623.0229819495227	405.0693602448856	250.43677183814037	83.39893584452982	164.5131522858197	229.86508562806821	188.9170230524469	247.61	188.9170230524469	229.86508562806821	164.5131522858197	83.39893584452982	250.43677183814037	405.0693602448856	623.0229819495227	Pt
882.9699999999999	670.22918477357	231.31602449166067	69.82167370898011	89.6705129906147	52.48331265702199	122.08014667984901	148.77949606978046	159.39	148.77949606978046	122.08014667984901	52.48331265702199	89.6705129906147	69.82167370898011	231.31602449166067	670.22918477357	Pt
1067.6599999999999	103.6064606062631	272.47106381146926	67.66650419549485	220.39064816820155	20.413369745571895	304.2723894563	42.044156148441154	78.32000000000005	42.044156148441154	304.2723894563	20.413369745571895	220.39064816820155	67.66650419549485	272.47106381146926	103.6064606062631	Pt
991.76	712.9294285984604	226.75169376470058	100.81182566253659	45.32213587199964	103.20945118201577	68.5959574234476	31.113450974878837	14.960000000000036	31.113450974878837	68.5959574234476	103.20945118201577	45.32213587199964	100.81182566253659	226.75169376470058	712.9294285984604	Co
1385.8899999999999	186.7145369418506	658.2353413615375	55.65659357698999	259.05000000000007	10.32066647349213	315.25257046162227	68.15572117980258	208.23000000000002	68.15572117980258	315.25257046162227	10.32066647349213	259.05000000000007	55.65659357698999	658.2353413615375	186.7145369418506	Pt
1185.25	661.1264061801138	480.42111215893084	462.9911372985251	193.28965750913835	206.07927136395568	236.20497706859615	239.52260216623947	30.25	239.52260216623947	236.20497706859615	206.07927136395568	193.28965750913835	462.9911372985251	480.42111215893084	661.1264061801138	Pt
1041.7	103.84028248201493	231.1972403167834	40.2961622636192	157.40235131661788	112.006669405431	345.457969179904	69.96179135486668	87.56	69.96179135486668	345.457969179904	112.006669405431	157.40235131661788	40.2961622636192	231.1972403167834	103.84028248201493	Pt
1115.73	128.8306220016509	419.10541892811	137.60460283981894	190.15602357011994	78.46642430680201	343.24192812809645	135.1511212253467	323.94999999999993	135.1511212253467	343.24192812809645	78.46642430680201	190.15602357011994	137.60460283981894	419.10541892811	128.8306220016509	Pt
1391.06	886.2038391025286	288.898703290565	63.53934697527801	116.91556354908447	221.00675699693966	458.91662471197327	386.08258431013235	258.28	386.08258431013235	458.91662471197327	221.00675699693966	116.91556354908447	63.53934697527801	288.898703290565	886.2038391025286	Co
978.67	808.0224053576483	480.01634059043886	156.52383259544408	102.54956118872474	262.0213048878814	301.53821543241213	216.47327053131912	169.50999999999988	216.47327053131912	301.53821543241213	262.0213048878814	102.54956118872474	156.52383259544408	480.01634059043886	808.0224053576483	Pt
1423.18	302.72897350439365	98.61020983295231	60.759433480577954	128.75733765498578	127.56018668783189	212.23039300887402	167.3817869908816	51.25999999999999	167.3817869908816	212.23039300887402	127.56018668783189	128.75733765498578	60.759433480577954	98.61020983295231	302.72897350439365	Pt
1100.66	126.93286152381353	468.9746802775305	147.85098650331446	227.5766815822746	128.60129463164282	388.42991704886487	150.02629860940556	367.18000000000006	150.02629860940556	388.42991704886487	128.60129463164282	227.5766815822746	147.85098650331446	468.9746802775305	126.93286152381353	Pt
1371.81	239.14103930512556	368.2362537563024	178.0935193587171	126.7152733493481	120.0680583147376	165.19673852568658	218.91750467931843	160.71000000000004	218.91750467931843	165.19673852568658	120.0680583147376	126.7152733493481	178.0935193587171	368.2362537563024	239.14103930512556	Pt
851.73	703.6218256752762	454.6358962125754	279.33981029829494	158.7999637909279	186.52005517653987	124.8510139125366	54.95784414298329	37.50999999999999	54.95784414298329	124.8510139125366	186.52005517653987	158.7999637909279	279.33981029829494	454.6358962125754	703.6218256752762	Co
1378.19	167.3477785268423	499.60602802983595	120.68709464322939	127.3274114242491	113.57851053702028	274.4871817703894	178.04178765924345	74.69000000000005	178.04178765924345	274.4871817703894	113.57851053702028	127.3274114242491	120.68709464322939	499.60602802983595	167.3477785268423	Pt
1390.07	990.6059899057312	491.64729064429855	216.65823199159516	102.49503451387288	57.93013638670709	225.5466138121356	257.0649967836535	142.45000000000005	257.0649967836535	225.5466138121356	57.93013638670709	102.49503451387288	216.65823199159516	491.64729064429855	990.6059899057312	Pt
1137.84	129.04854433878856	298.08406765616047	42.46119004888509	103.89370433284202	63.51307878495673	292.41949902418867	42.662139736868184	186.33999999999992	42.662139736868184	292.41949902418867	63.51307878495673	103.89370433284202	42.46119004888509	298.08406765616047	129.04854433878856	Pt
1324.18	141.55707529878947	143.37807214102398	77.48202929961062	78.49315129360016	203.3472577331534	344.2429206666759	209.2207827651776	256.29999999999995	209.2207827651776	344.2429206666759	203.3472577331534	78.49315129360016	77.48202929961062	143.37807214102398	141.55707529878947	Pt
1249.93	763.187486538766	465.6435062762819	368.8436137833628	306.67339124873547	237.29041212594447	162.0524201076004	230.35310823813433	286.55	230.35310823813433	162.0524201076004	237.29041212594447	306.67339124873547	368.8436137833628	465.6435062762819	763.187486538766	Pt
1146.09	528.3785054576229	117.15071760296055	120.82200513970089	93.26371909805012	206.51382954747368	168.25941389744403	153.28977738266786	78.43000000000006	153.28977738266786	168.25941389744403	206.51382954747368	93.26371909805012	120.82200513970089	117.15071760296055	528.3785054576229	Pt
1013.9799999999999	803.2622537663707	414.2628240221651	163.02201472569405	193.4805256350106	341.93051242749294	334.60717421056694	187.62844096782945	61.15999999999997	187.62844096782945	334.60717421056694	341.93051242749294	193.4805256350106	163.02201472569405	414.2628240221651	803.2622537663707	Co
966.4599999999999	608.6235862745992	394.27888796705696	486.2933355358253	242.72237185723117	201.0291562916307	221.41701583993273	146.22373940083048	149.15999999999997	146.22373940083048	221.41701583993273	201.0291562916307	242.72237185723117	486.2933355358253	394.27888796705696	608.6235862745992	Co
767.03	613.1473872300089	445.3934901906247	393.52513279816714	274.99940599935854	216.41245322585723	216.18971551813908	193.48474740393502	18.810000000000002	193.48474740393502	216.18971551813908	216.41245322585723	274.99940599935854	393.52513279816714	445.3934901906247	613.1473872300089	Co
1081.96	606.6487815639003	110.71109468503491	277.43906016775287	355.15145191875536	289.64245098952296	298.3111012242777	211.4390595539315	131.33999999999997	211.4390595539315	298.3111012242777	289.64245098952296	355.15145191875536	277.43906016775287	110.71109468503491	606.6487815639003	Pt
1201.31	532.0861837740696	171.81536660820393	270.9876578267916	91.62841535244404	91.56514239191782	195.13694882642926	273.9782112523634	100.42999999999984	273.9782112523634	195.13694882642926	91.56514239191782	91.62841535244404	270.9876578267916	171.81536660820393	532.0861837740696	Pt
1096.6999999999998	119.42296771339929	326.74649329353196	82.7001638898751	107.30419656285582	29.23013364949088	152.05013094496135	13.288918765087791	46.639999999999986	13.288918765087791	152.05013094496135	29.23013364949088	107.30419656285582	82.7001638898751	326.74649329353196	119.42296771339929	Pt
1398.98	747.6892330940675	223.1508928663442	236.49560401286868	294.429132390122	385.37114914069963	307.8580981766654	226.97219875520065	120.78000000000009	226.97219875520065	307.8580981766654	385.37114914069963	294.429132390122	236.49560401286868	223.1508928663442	747.6892330940675	Pt
1134.54	902.7426074313674	446.32807951786117	143.32109181422535	144.08454878993794	177.5830561290798	265.5538194677263	333.2833142313765	358.8200000000001	333.2833142313765	265.5538194677263	177.5830561290798	144.08454878993794	143.32109181422535	446.32807951786117	902.7426074313674	Co
887.26	679.0371165458614	309.30039432712147	23.014286911479374	37.78111697660622	81.93865437803419	152.1741110343253	120.41315654759346	111.10000000000002	120.41315654759346	152.1741110343253	81.93865437803419	37.78111697660622	23.014286911479374	309.30039432712147	679.0371165458614	Pt
1265.99	359.5179742388554	244.30497400005626	229.76384428135412	203.49182416008756	115.36313533231578	198.81123680222865	67.70884038691803	184.25	67.70884038691803	198.81123680222865	115.36313533231578	203.49182416008756	229.76384428135412	244.30497400005626	359.5179742388554	Pt
1102.09	598.1877312649257	348.40384259907034	289.3072289098514	220.8415678716306	184.53012631281976	142.92112461844903	402.12719274826316	444.73	402.12719274826316	142.92112461844903	184.53012631281976	220.8415678716306	289.3072289098514	348.40384259907034	598.1877312649257	Pt
684.31	30.046764281497314	279.0553684295496	53.020054717656635	129.4862606611219	10.33185549602086	82.8608831153055	94.82415998024017	48.72999999999996	94.82415998024017	82.8608831153055	10.33185549602086	129.4862606611219	53.020054717656635	279.0553684295496	30.046764281497314	Co
1009.91	186.1658161073917	443.4642543985725	114.57980362895682	355.53329028376515	137.74920527202775	99.60707440095894	274.4137984146265	104.16999999999996	274.4137984146265	99.60707440095894	137.74920527202775	355.53329028376515	114.57980362895682	443.4642543985725	186.1658161073917	Pt
1111.1100000000001	537.1167877374679	295.8928424932813	307.33201389250837	119.10074433016784	175.48104231015847	152.2818031192376	349.1444425407618	305.03000000000003	349.1444425407618	152.2818031192376	175.48104231015847	119.10074433016784	307.33201389250837	295.8928424932813	537.1167877374679	Pt
1055.12	672.5376095519287	467.18943096378615	374.6381222444468	295.9993513506406	344.4688079155549	390.3503487839273	320.4393357135936	270.6	320.4393357135936	390.3503487839273	344.4688079155549	295.9993513506406	374.6381222444468	467.18943096378615	672.5376095519287	Pt
1162.48	74.2399901339638	345.5534854523041	15.4555507545899	118.99376790403777	64.65509809021468	306.6103036294838	44.3809250323376	227.92000000000002	44.3809250323376	306.6103036294838	64.65509809021468	118.99376790403777	15.4555507545899	345.5534854523041	74.2399901339638	Pt
892.1	248.72251686715708	638.2962219247952	174.02850157820654	503.74199447733156	110.96415653719555	489.5692431888799	82.20326882612181	283.36	82.20326882612181	489.5692431888799	110.96415653719555	503.74199447733156	174.02850157820654	638.2962219247952	248.72251686715708	Co
1089.99	678.4535561245989	72.98063351732712	327.1115742357449	82.28772022604583	198.21492846449115	53.999853068407425	180.33642537411924	245.19000000000005	180.33642537411924	53.999853068407425	198.21492846449115	82.28772022604583	327.1115742357449	72.98063351732712	678.4535561245989	Pt
993.52	646.293347211159	355.5139977541588	328.93175154456344	283.5119778774787	129.30437341299455	156.75801670363143	24.937634063695835	182.16000000000003	24.937634063695835	156.75801670363143	129.30437341299455	283.5119778774787	328.93175154456344	355.5139977541588	646.293347211159	Pt
